FieldName: uy
Method: XPINN
PDENameShort: BiharmonicMixedBC2D
PDENameFull: u_xx - u_yyyy = (2 - x^2) exp(-y), u=x^2 exp(-y)
Device: cuda
GPU: NVIDIA GeForce RTX 5090 Laptop GPU
ParameterCount: 1348
Epochs: 5000
LearningRate: 0.0003
InteriorPoints: 1000
BoundaryPoints: 1000
GridEval: 100
NumSubX: 2
NumSubY: 2
XSplits: [0.0, 0.38, 1.0]
YSplits: [0.0, 0.62, 1.0]
SubNetWidth: 16
SubNetDepth: 2
InterfaceN: 24
W_PHYS: 1.0
W_BC_U: 1.0
W_BC_YY: 1.0
W_IF_VALUE: 1e-06
W_IF_DX: 1e-08
W_IF_DY: 1e-08
USE_LOCAL_INPUT: False
TotalTrainingSeconds: 401.599129
EvalSeconds: 0.949062
Epoch Durations (seconds):
1 2.06269300e-01
2 6.82233000e-02
3 7.36069000e-02
4 6.90781000e-02
5 6.56629000e-02
6 7.09305000e-02
7 7.10552000e-02
8 6.59250000e-02
9 6.72049000e-02
10 6.98905000e-02
11 7.35865000e-02
12 7.09466000e-02
13 6.51009000e-02
14 6.57958000e-02
15 5.75168000e-02
16 6.28181000e-02
17 6.76246000e-02
18 6.73881000e-02
19 6.61313000e-02
20 6.30243000e-02
21 6.11875000e-02
22 6.49131000e-02
23 7.03100000e-02
24 6.04709000e-02
25 6.30379000e-02
26 6.45684000e-02
27 6.36982000e-02
28 6.45883000e-02
29 6.60082000e-02
30 6.47235000e-02
31 6.85217000e-02
32 6.44224000e-02
33 6.50960000e-02
34 6.39822000e-02
35 6.25031000e-02
36 5.92941000e-02
37 6.40664000e-02
38 6.82474000e-02
39 6.27914000e-02
40 6.38722000e-02
41 6.01843000e-02
42 6.94696000e-02
43 6.02670000e-02
44 6.24551000e-02
45 6.04318000e-02
46 6.28540000e-02
47 6.26515000e-02
48 6.62745000e-02
49 5.91052000e-02
50 5.92963000e-02
51 6.14829000e-02
52 6.15540000e-02
53 6.49797000e-02
54 6.89610000e-02
55 6.66153000e-02
56 6.82897000e-02
57 6.46413000e-02
58 6.68972000e-02
59 6.62128000e-02
60 6.52947000e-02
61 6.76520000e-02
62 6.55392000e-02
63 6.21993000e-02
64 6.30463000e-02
65 6.73687000e-02
66 6.27302000e-02
67 6.56945000e-02
68 6.60564000e-02
69 6.52271000e-02
70 6.45907000e-02
71 6.47315000e-02
72 6.56182000e-02
73 7.18004000e-02
74 6.21488000e-02
75 6.60218000e-02
76 6.37147000e-02
77 7.01076000e-02
78 6.78601000e-02
79 6.70609000e-02
80 6.50894000e-02
81 6.53236000e-02
82 6.52179000e-02
83 6.58470000e-02
84 6.40988000e-02
85 6.87259000e-02
86 6.85815000e-02
87 6.56387000e-02
88 7.38641000e-02
89 6.16317000e-02
90 5.94887000e-02
91 6.19337000e-02
92 6.32096000e-02
93 6.39541000e-02
94 6.12947000e-02
95 6.42905000e-02
96 6.27886000e-02
97 6.31179000e-02
98 6.52878000e-02
99 7.09234000e-02
100 6.86899000e-02
101 6.70325000e-02
102 6.39446000e-02
103 7.26319000e-02
104 6.55905000e-02
105 7.21123000e-02
106 6.74139000e-02
107 6.38542000e-02
108 6.64903000e-02
109 6.68547000e-02
110 6.95840000e-02
111 7.11865000e-02
112 7.10063000e-02
113 6.85760000e-02
114 6.57801000e-02
115 6.54438000e-02
116 6.41444000e-02
117 6.07660000e-02
118 6.28444000e-02
119 6.28893000e-02
120 6.05884000e-02
121 6.21587000e-02
122 6.09843000e-02
123 6.99541000e-02
124 6.89125000e-02
125 7.02646000e-02
126 6.15575000e-02
127 5.72604000e-02
128 5.53558000e-02
129 5.87680000e-02
130 5.53317000e-02
131 5.72295000e-02
132 5.58454000e-02
133 5.70439000e-02
134 5.47617000e-02
135 6.07203000e-02
136 5.47382000e-02
137 5.86646000e-02
138 6.09929000e-02
139 6.33355000e-02
140 6.43053000e-02
141 5.71151000e-02
142 5.74276000e-02
143 5.86936000e-02
144 6.32977000e-02
145 6.31090000e-02
146 6.08729000e-02
147 5.64411000e-02
148 5.64689000e-02
149 5.73393000e-02
150 5.64596000e-02
151 5.64598000e-02
152 5.88467000e-02
153 5.83014000e-02
154 5.97691000e-02
155 5.87833000e-02
156 5.76091000e-02
157 5.65480000e-02
158 5.56253000e-02
159 6.79662000e-02
160 6.86208000e-02
161 6.71989000e-02
162 6.38292000e-02
163 6.26849000e-02
164 5.93848000e-02
165 6.18610000e-02
166 6.33832000e-02
167 6.42429000e-02
168 6.67017000e-02
169 6.52977000e-02
170 6.29427000e-02
171 6.15355000e-02
172 5.90306000e-02
173 5.95346000e-02
174 5.61024000e-02
175 5.62243000e-02
176 5.95192000e-02
177 6.32126000e-02
178 6.20748000e-02
179 5.60324000e-02
180 5.71674000e-02
181 5.98421000e-02
182 6.13532000e-02
183 6.26181000e-02
184 5.93186000e-02
185 7.76467000e-02
186 8.67203000e-02
187 8.41008000e-02
188 8.04239000e-02
189 8.01559000e-02
190 7.66251000e-02
191 7.32714000e-02
192 7.37079000e-02
193 7.33235000e-02
194 7.23657000e-02
195 7.42884000e-02
196 7.55104000e-02
197 8.08614000e-02
198 8.13395000e-02
199 8.03717000e-02
200 8.12196000e-02
201 8.17796000e-02
202 8.99114000e-02
203 8.91643000e-02
204 7.72556000e-02
205 7.81220000e-02
206 8.61559000e-02
207 8.24677000e-02
208 7.99642000e-02
209 8.05798000e-02
210 8.80381000e-02
211 9.64839000e-02
212 8.84580000e-02
213 9.59921000e-02
214 9.57269000e-02
215 8.09516000e-02
216 8.08505000e-02
217 8.21393000e-02
218 8.11487000e-02
219 8.11777000e-02
220 8.26741000e-02
221 8.28963000e-02
222 8.04392000e-02
223 8.04458000e-02
224 7.81041000e-02
225 7.52448000e-02
226 8.10827000e-02
227 9.81815000e-02
228 7.92616000e-02
229 8.07919000e-02
230 7.95753000e-02
231 7.84770000e-02
232 7.85759000e-02
233 8.22657000e-02
234 8.10541000e-02
235 7.75206000e-02
236 7.71020000e-02
237 7.92146000e-02
238 7.77945000e-02
239 8.18018000e-02
240 7.97167000e-02
241 7.91781000e-02
242 8.13720000e-02
243 8.26322000e-02
244 8.21411000e-02
245 8.10584000e-02
246 8.43965000e-02
247 7.82262000e-02
248 7.96624000e-02
249 7.71669000e-02
250 7.88978000e-02
251 7.84014000e-02
252 7.83457000e-02
253 7.66121000e-02
254 7.80306000e-02
255 8.57092000e-02
256 7.70315000e-02
257 7.64538000e-02
258 7.37686000e-02
259 8.36049000e-02
260 8.21768000e-02
261 8.03363000e-02
262 7.87816000e-02
263 7.92585000e-02
264 8.81576000e-02
265 8.23389000e-02
266 7.47525000e-02
267 7.34141000e-02
268 7.97423000e-02
269 7.40250000e-02
270 7.56190000e-02
271 8.14481000e-02
272 8.18732000e-02
273 7.39006000e-02
274 7.35016000e-02
275 7.44120000e-02
276 7.33743000e-02
277 7.40239000e-02
278 7.44547000e-02
279 7.33100000e-02
280 7.28646000e-02
281 7.52272000e-02
282 7.81411000e-02
283 7.78567000e-02
284 7.84620000e-02
285 8.12442000e-02
286 7.83271000e-02
287 7.91014000e-02
288 7.73698000e-02
289 7.31532000e-02
290 7.58730000e-02
291 7.57501000e-02
292 7.35601000e-02
293 7.60814000e-02
294 7.95716000e-02
295 7.63028000e-02
296 7.43104000e-02
297 7.33789000e-02
298 7.62301000e-02
299 7.39915000e-02
300 7.36290000e-02
301 7.18910000e-02
302 7.41848000e-02
303 7.58486000e-02
304 7.57620000e-02
305 7.77532000e-02
306 7.58908000e-02
307 7.36766000e-02
308 7.40738000e-02
309 7.44615000e-02
310 7.47825000e-02
311 7.83178000e-02
312 7.43912000e-02
313 7.45479000e-02
314 7.34020000e-02
315 7.33398000e-02
316 7.44146000e-02
317 7.40524000e-02
318 7.28039000e-02
319 7.43497000e-02
320 7.52869000e-02
321 7.31359000e-02
322 7.49181000e-02
323 7.30226000e-02
324 7.55714000e-02
325 7.42134000e-02
326 7.39843000e-02
327 7.46215000e-02
328 7.47241000e-02
329 7.49812000e-02
330 7.84361000e-02
331 7.35692000e-02
332 7.33403000e-02
333 7.41885000e-02
334 7.41586000e-02
335 7.79542000e-02
336 7.87212000e-02
337 8.04879000e-02
338 8.19657000e-02
339 7.87116000e-02
340 7.61831000e-02
341 7.36875000e-02
342 7.70521000e-02
343 8.00160000e-02
344 7.81983000e-02
345 7.52252000e-02
346 7.50966000e-02
347 7.55682000e-02
348 7.47719000e-02
349 7.47653000e-02
350 7.38718000e-02
351 7.74337000e-02
352 7.41567000e-02
353 7.47744000e-02
354 7.47430000e-02
355 7.45498000e-02
356 7.58204000e-02
357 7.52256000e-02
358 7.30253000e-02
359 7.40976000e-02
360 7.26985000e-02
361 7.25055000e-02
362 7.22368000e-02
363 7.27594000e-02
364 7.73012000e-02
365 7.34594000e-02
366 7.37724000e-02
367 7.50130000e-02
368 7.40098000e-02
369 7.33811000e-02
370 7.31882000e-02
371 7.41583000e-02
372 7.31617000e-02
373 7.50102000e-02
374 7.73451000e-02
375 7.52981000e-02
376 7.32298000e-02
377 7.38240000e-02
378 7.31454000e-02
379 7.66891000e-02
380 7.43279000e-02
381 7.32635000e-02
382 7.36844000e-02
383 9.04252000e-02
384 9.81122000e-02
385 1.03040500e-01
386 9.54082000e-02
387 8.33980000e-02
388 7.70808000e-02
389 7.58750000e-02
390 7.73878000e-02
391 7.34156000e-02
392 7.51050000e-02
393 7.72039000e-02
394 7.68355000e-02
395 8.18374000e-02
396 7.83383000e-02
397 7.41077000e-02
398 7.36454000e-02
399 7.21259000e-02
400 7.31591000e-02
401 7.37202000e-02
402 7.32047000e-02
403 7.81537000e-02
404 7.55330000e-02
405 7.37899000e-02
406 7.36263000e-02
407 7.45137000e-02
408 7.47657000e-02
409 7.24156000e-02
410 7.44751000e-02
411 7.22845000e-02
412 7.48110000e-02
413 7.70144000e-02
414 7.61042000e-02
415 7.49922000e-02
416 7.58161000e-02
417 7.44976000e-02
418 7.27317000e-02
419 7.61033000e-02
420 7.82703000e-02
421 7.44648000e-02
422 7.47775000e-02
423 7.35379000e-02
424 7.36709000e-02
425 7.59694000e-02
426 7.63817000e-02
427 7.78394000e-02
428 7.36420000e-02
429 7.47654000e-02
430 7.96274000e-02
431 8.05864000e-02
432 7.52850000e-02
433 7.51863000e-02
434 7.53305000e-02
435 7.36424000e-02
436 7.31878000e-02
437 7.32643000e-02
438 7.30649000e-02
439 7.30110000e-02
440 7.14549000e-02
441 7.25344000e-02
442 7.53699000e-02
443 8.14194000e-02
444 7.81065000e-02
445 7.65575000e-02
446 7.43614000e-02
447 7.55887000e-02
448 7.22891000e-02
449 7.42330000e-02
450 7.52668000e-02
451 7.28415000e-02
452 7.41625000e-02
453 7.44088000e-02
454 7.38946000e-02
455 7.41431000e-02
456 7.16194000e-02
457 7.35210000e-02
458 7.35657000e-02
459 7.36339000e-02
460 7.32269000e-02
461 7.46696000e-02
462 7.32284000e-02
463 7.74051000e-02
464 7.74303000e-02
465 7.47189000e-02
466 7.41898000e-02
467 7.27944000e-02
468 7.19636000e-02
469 7.42820000e-02
470 7.80248000e-02
471 7.26935000e-02
472 7.22258000e-02
473 7.42007000e-02
474 7.27475000e-02
475 7.39594000e-02
476 7.31985000e-02
477 7.34301000e-02
478 7.30417000e-02
479 7.31600000e-02
480 7.25548000e-02
481 7.25841000e-02
482 7.28901000e-02
483 7.60255000e-02
484 7.60394000e-02
485 7.60477000e-02
486 7.87981000e-02
487 7.50518000e-02
488 7.44745000e-02
489 7.33774000e-02
490 7.54491000e-02
491 7.47638000e-02
492 7.30624000e-02
493 8.25385000e-02
494 8.05346000e-02
495 8.31235000e-02
496 8.14769000e-02
497 7.73548000e-02
498 7.45949000e-02
499 7.42255000e-02
500 8.07584000e-02
501 7.92482000e-02
502 8.04782000e-02
503 7.78425000e-02
504 7.40047000e-02
505 7.53368000e-02
506 7.36882000e-02
507 7.97123000e-02
508 8.08788000e-02
509 8.00535000e-02
510 8.19925000e-02
511 8.17143000e-02
512 8.09050000e-02
513 7.33075000e-02
514 7.55460000e-02
515 8.16782000e-02
516 8.27787000e-02
517 7.38214000e-02
518 7.77164000e-02
519 8.10543000e-02
520 8.04603000e-02
521 7.68595000e-02
522 8.62933000e-02
523 8.44496000e-02
524 7.39105000e-02
525 7.28773000e-02
526 7.43050000e-02
527 8.46385000e-02
528 8.24168000e-02
529 7.66177000e-02
530 7.22474000e-02
531 7.24705000e-02
532 7.51476000e-02
533 7.41943000e-02
534 7.89447000e-02
535 7.99309000e-02
536 7.99086000e-02
537 7.68627000e-02
538 7.41210000e-02
539 7.72272000e-02
540 7.79552000e-02
541 7.61213000e-02
542 7.69899000e-02
543 7.44378000e-02
544 7.45039000e-02
545 7.44476000e-02
546 7.42186000e-02
547 7.50567000e-02
548 8.61061000e-02
549 7.84222000e-02
550 7.52305000e-02
551 7.43628000e-02
552 7.37553000e-02
553 7.50537000e-02
554 7.44349000e-02
555 8.15236000e-02
556 8.17522000e-02
557 7.85313000e-02
558 7.77242000e-02
559 7.88577000e-02
560 7.79788000e-02
561 7.72726000e-02
562 7.43629000e-02
563 7.60708000e-02
564 7.40947000e-02
565 7.50854000e-02
566 7.76951000e-02
567 8.23778000e-02
568 7.75043000e-02
569 7.39981000e-02
570 7.33648000e-02
571 7.40055000e-02
572 7.48728000e-02
573 7.29405000e-02
574 7.64912000e-02
575 7.87737000e-02
576 7.36786000e-02
577 7.33359000e-02
578 7.20043000e-02
579 7.39623000e-02
580 7.52204000e-02
581 7.52575000e-02
582 7.27800000e-02
583 7.40035000e-02
584 7.45298000e-02
585 7.35277000e-02
586 7.47392000e-02
587 8.17992000e-02
588 7.48337000e-02
589 7.66628000e-02
590 7.40837000e-02
591 8.30368000e-02
592 8.34263000e-02
593 8.33179000e-02
594 8.52953000e-02
595 7.95853000e-02
596 8.29726000e-02
597 8.02726000e-02
598 8.28198000e-02
599 8.10932000e-02
600 8.52351000e-02
601 8.52901000e-02
602 8.55204000e-02
603 8.17207000e-02
604 8.10482000e-02
605 8.09123000e-02
606 7.82804000e-02
607 7.84438000e-02
608 8.03987000e-02
609 7.86400000e-02
610 7.92462000e-02
611 7.98103000e-02
612 8.68427000e-02
613 8.26808000e-02
614 8.10839000e-02
615 7.37417000e-02
616 7.53311000e-02
617 8.62870000e-02
618 8.33491000e-02
619 7.88627000e-02
620 7.40370000e-02
621 7.37218000e-02
622 7.26355000e-02
623 7.40807000e-02
624 7.55137000e-02
625 7.90015000e-02
626 7.37772000e-02
627 7.70826000e-02
628 7.32508000e-02
629 7.54278000e-02
630 7.67090000e-02
631 7.80053000e-02
632 7.53146000e-02
633 7.92780000e-02
634 7.91293000e-02
635 7.78796000e-02
636 7.43513000e-02
637 7.36326000e-02
638 7.89222000e-02
639 7.68358000e-02
640 7.69096000e-02
641 7.75199000e-02
642 7.45437000e-02
643 7.69850000e-02
644 7.46394000e-02
645 7.55648000e-02
646 7.28405000e-02
647 7.44329000e-02
648 7.45352000e-02
649 7.65084000e-02
650 7.36904000e-02
651 7.61434000e-02
652 7.54939000e-02
653 7.52417000e-02
654 7.41028000e-02
655 7.56434000e-02
656 7.58462000e-02
657 7.44719000e-02
658 7.57694000e-02
659 7.38813000e-02
660 7.54909000e-02
661 7.62903000e-02
662 7.49750000e-02
663 7.62290000e-02
664 7.44553000e-02
665 7.66409000e-02
666 7.53798000e-02
667 7.50480000e-02
668 7.48813000e-02
669 7.51084000e-02
670 7.70535000e-02
671 7.28427000e-02
672 7.62797000e-02
673 7.46424000e-02
674 7.48754000e-02
675 7.31754000e-02
676 7.31997000e-02
677 8.23311000e-02
678 8.54752000e-02
679 7.93070000e-02
680 7.56376000e-02
681 7.49220000e-02
682 7.66270000e-02
683 7.77355000e-02
684 7.43132000e-02
685 7.35701000e-02
686 7.98765000e-02
687 8.39736000e-02
688 7.89560000e-02
689 7.47220000e-02
690 7.65653000e-02
691 7.74144000e-02
692 7.41706000e-02
693 7.65228000e-02
694 7.43588000e-02
695 7.95712000e-02
696 7.93848000e-02
697 7.65541000e-02
698 7.95875000e-02
699 7.73921000e-02
700 7.36509000e-02
701 7.30519000e-02
702 7.29028000e-02
703 7.58670000e-02
704 7.67013000e-02
705 7.32800000e-02
706 7.60420000e-02
707 7.35786000e-02
708 7.51796000e-02
709 7.65962000e-02
710 7.39117000e-02
711 7.28171000e-02
712 7.45057000e-02
713 7.36727000e-02
714 7.21654000e-02
715 7.37838000e-02
716 7.33997000e-02
717 7.26968000e-02
718 7.60505000e-02
719 7.36356000e-02
720 7.39344000e-02
721 7.43858000e-02
722 7.35817000e-02
723 7.44946000e-02
724 7.52794000e-02
725 7.57808000e-02
726 7.61294000e-02
727 7.45197000e-02
728 7.35869000e-02
729 7.39534000e-02
730 7.56307000e-02
731 7.87964000e-02
732 7.62204000e-02
733 7.79716000e-02
734 7.97413000e-02
735 7.34245000e-02
736 7.55512000e-02
737 8.47797000e-02
738 8.63764000e-02
739 8.29320000e-02
740 8.30166000e-02
741 8.32799000e-02
742 8.11020000e-02
743 8.34213000e-02
744 8.13726000e-02
745 7.80034000e-02
746 8.04654000e-02
747 7.94147000e-02
748 8.00491000e-02
749 8.12883000e-02
750 8.06242000e-02
751 8.06170000e-02
752 7.95518000e-02
753 7.91164000e-02
754 7.88073000e-02
755 7.86549000e-02
756 8.08646000e-02
757 8.10422000e-02
758 8.10315000e-02
759 8.24390000e-02
760 8.24715000e-02
761 8.29390000e-02
762 7.83249000e-02
763 9.09033000e-02
764 7.92034000e-02
765 7.99147000e-02
766 8.02023000e-02
767 7.88638000e-02
768 8.23592000e-02
769 7.88174000e-02
770 8.07464000e-02
771 8.03270000e-02
772 7.90902000e-02
773 8.02803000e-02
774 8.08572000e-02
775 7.90687000e-02
776 7.95576000e-02
777 7.91540000e-02
778 7.69997000e-02
779 7.94301000e-02
780 8.96312000e-02
781 8.18387000e-02
782 8.48931000e-02
783 1.00134200e-01
784 8.92917000e-02
785 7.76390000e-02
786 7.34793000e-02
787 7.72305000e-02
788 7.50835000e-02
789 8.15785000e-02
790 7.88164000e-02
791 7.79584000e-02
792 9.16757000e-02
793 8.35155000e-02
794 7.98871000e-02
795 7.91097000e-02
796 8.01435000e-02
797 7.61156000e-02
798 7.99317000e-02
799 8.07037000e-02
800 7.97228000e-02
801 7.97359000e-02
802 8.03233000e-02
803 7.90134000e-02
804 7.99933000e-02
805 8.28946000e-02
806 7.93482000e-02
807 8.04880000e-02
808 7.94169000e-02
809 8.10556000e-02
810 8.15335000e-02
811 8.05027000e-02
812 7.97835000e-02
813 7.96855000e-02
814 7.99493000e-02
815 7.89365000e-02
816 7.90702000e-02
817 8.15351000e-02
818 8.00600000e-02
819 8.16348000e-02
820 7.99863000e-02
821 7.99652000e-02
822 8.24868000e-02
823 8.03327000e-02
824 7.94191000e-02
825 7.86889000e-02
826 7.80946000e-02
827 7.95232000e-02
828 8.03272000e-02
829 7.85411000e-02
830 8.15106000e-02
831 7.98047000e-02
832 8.08431000e-02
833 7.95959000e-02
834 7.85644000e-02
835 7.90905000e-02
836 7.97502000e-02
837 8.05433000e-02
838 7.98368000e-02
839 7.98370000e-02
840 8.00747000e-02
841 7.89942000e-02
842 7.91711000e-02
843 8.20730000e-02
844 7.99629000e-02
845 7.95414000e-02
846 7.91116000e-02
847 7.56937000e-02
848 7.59229000e-02
849 7.49395000e-02
850 7.56914000e-02
851 7.57457000e-02
852 7.53192000e-02
853 7.61084000e-02
854 7.73638000e-02
855 8.00243000e-02
856 8.11136000e-02
857 7.82018000e-02
858 7.96027000e-02
859 8.05537000e-02
860 8.06235000e-02
861 7.94587000e-02
862 7.94550000e-02
863 7.87706000e-02
864 8.03014000e-02
865 7.93866000e-02
866 7.90993000e-02
867 7.91209000e-02
868 7.92922000e-02
869 8.02242000e-02
870 8.05178000e-02
871 8.01022000e-02
872 8.00890000e-02
873 8.05982000e-02
874 6.85751000e-02
875 7.80225000e-02
876 7.72546000e-02
877 7.63357000e-02
878 7.76239000e-02
879 6.96406000e-02
880 7.85242000e-02
881 8.05539000e-02
882 8.27053000e-02
883 8.10209000e-02
884 7.95038000e-02
885 8.05925000e-02
886 8.02326000e-02
887 7.87523000e-02
888 7.99564000e-02
889 7.95356000e-02
890 8.27751000e-02
891 8.06677000e-02
892 7.88783000e-02
893 7.99829000e-02
894 8.28536000e-02
895 7.89556000e-02
896 8.03561000e-02
897 8.11653000e-02
898 8.24158000e-02
899 7.80250000e-02
900 8.04721000e-02
901 7.91976000e-02
902 8.02305000e-02
903 8.03953000e-02
904 7.97890000e-02
905 7.98696000e-02
906 7.95416000e-02
907 7.88746000e-02
908 7.98057000e-02
909 8.02313000e-02
910 7.93950000e-02
911 7.94563000e-02
912 7.82759000e-02
913 7.60875000e-02
914 7.61027000e-02
915 7.59339000e-02
916 7.61433000e-02
917 7.55284000e-02
918 7.59506000e-02
919 7.92974000e-02
920 8.01836000e-02
921 8.01284000e-02
922 8.15953000e-02
923 7.99180000e-02
924 8.09804000e-02
925 8.09049000e-02
926 7.98601000e-02
927 8.14970000e-02
928 7.94066000e-02
929 7.97784000e-02
930 8.08308000e-02
931 7.84886000e-02
932 8.21195000e-02
933 8.06091000e-02
934 8.06423000e-02
935 8.18841000e-02
936 8.16565000e-02
937 7.96289000e-02
938 8.02075000e-02
939 8.09452000e-02
940 7.98936000e-02
941 7.89420000e-02
942 8.01929000e-02
943 7.95447000e-02
944 8.30554000e-02
945 7.99404000e-02
946 8.17266000e-02
947 7.99517000e-02
948 8.20877000e-02
949 7.98495000e-02
950 7.93629000e-02
951 9.02282000e-02
952 8.17034000e-02
953 8.41551000e-02
954 8.14584000e-02
955 7.99813000e-02
956 7.86617000e-02
957 8.00447000e-02
958 7.96707000e-02
959 8.09977000e-02
960 7.76656000e-02
961 7.83497000e-02
962 7.74162000e-02
963 7.66976000e-02
964 7.82706000e-02
965 7.86045000e-02
966 7.40691000e-02
967 7.39366000e-02
968 7.48558000e-02
969 7.72022000e-02
970 7.44688000e-02
971 7.54916000e-02
972 7.51385000e-02
973 7.54430000e-02
974 7.50107000e-02
975 7.34185000e-02
976 7.32036000e-02
977 7.37585000e-02
978 7.29451000e-02
979 7.32307000e-02
980 7.31467000e-02
981 7.28111000e-02
982 7.62577000e-02
983 7.58241000e-02
984 7.46345000e-02
985 7.78921000e-02
986 7.90933000e-02
987 7.93046000e-02
988 7.79115000e-02
989 7.77958000e-02
990 7.88269000e-02
991 7.92386000e-02
992 7.76647000e-02
993 7.57544000e-02
994 7.30730000e-02
995 7.47960000e-02
996 7.69338000e-02
997 7.46996000e-02
998 7.52645000e-02
999 7.50531000e-02
1000 7.52846000e-02
1001 7.49409000e-02
1002 7.34254000e-02
1003 7.38970000e-02
1004 7.28937000e-02
1005 7.45323000e-02
1006 7.56254000e-02
1007 7.51474000e-02
1008 7.44261000e-02
1009 7.91081000e-02
1010 7.44146000e-02
1011 7.52184000e-02
1012 7.34891000e-02
1013 7.38404000e-02
1014 7.46350000e-02
1015 7.28655000e-02
1016 7.54581000e-02
1017 7.36948000e-02
1018 7.47442000e-02
1019 7.26907000e-02
1020 7.42608000e-02
1021 7.80213000e-02
1022 7.93209000e-02
1023 7.70645000e-02
1024 7.68373000e-02
1025 7.76500000e-02
1026 7.72055000e-02
1027 8.14409000e-02
1028 7.67059000e-02
1029 7.66926000e-02
1030 7.87224000e-02
1031 7.66926000e-02
1032 7.53166000e-02
1033 7.71381000e-02
1034 7.59506000e-02
1035 7.93361000e-02
1036 7.74938000e-02
1037 7.69990000e-02
1038 7.87391000e-02
1039 7.89212000e-02
1040 8.06034000e-02
1041 7.89901000e-02
1042 7.80860000e-02
1043 7.12691000e-02
1044 7.28917000e-02
1045 7.06948000e-02
1046 7.73201000e-02
1047 6.47594000e-02
1048 7.47071000e-02
1049 6.33240000e-02
1050 8.26851000e-02
1051 7.35721000e-02
1052 7.38843000e-02
1053 7.62079000e-02
1054 7.36833000e-02
1055 7.60296000e-02
1056 7.77700000e-02
1057 7.64308000e-02
1058 7.83530000e-02
1059 8.14798000e-02
1060 7.66850000e-02
1061 7.77696000e-02
1062 8.11271000e-02
1063 7.34898000e-02
1064 7.37448000e-02
1065 7.37410000e-02
1066 7.66578000e-02
1067 8.56900000e-02
1068 7.56959000e-02
1069 7.60036000e-02
1070 7.45124000e-02
1071 7.33927000e-02
1072 7.56115000e-02
1073 7.36023000e-02
1074 7.46430000e-02
1075 7.72774000e-02
1076 7.37101000e-02
1077 7.63815000e-02
1078 7.83593000e-02
1079 7.62057000e-02
1080 7.52423000e-02
1081 7.48167000e-02
1082 7.77580000e-02
1083 7.82549000e-02
1084 7.77346000e-02
1085 7.57292000e-02
1086 7.55906000e-02
1087 7.49913000e-02
1088 7.93979000e-02
1089 7.57540000e-02
1090 7.72415000e-02
1091 7.49871000e-02
1092 7.64940000e-02
1093 7.62251000e-02
1094 7.53471000e-02
1095 8.15744000e-02
1096 8.12948000e-02
1097 8.00412000e-02
1098 8.04874000e-02
1099 7.91837000e-02
1100 7.99021000e-02
1101 8.11358000e-02
1102 7.95774000e-02
1103 8.05185000e-02
1104 7.86165000e-02
1105 8.21750000e-02
1106 7.76074000e-02
1107 7.91568000e-02
1108 7.77435000e-02
1109 7.92926000e-02
1110 8.00786000e-02
1111 7.96681000e-02
1112 7.92809000e-02
1113 8.16802000e-02
1114 7.84942000e-02
1115 7.46971000e-02
1116 7.48634000e-02
1117 7.59004000e-02
1118 8.58235000e-02
1119 8.16026000e-02
1120 8.77192000e-02
1121 8.15088000e-02
1122 7.91903000e-02
1123 8.30572000e-02
1124 8.14812000e-02
1125 8.30008000e-02
1126 8.33875000e-02
1127 7.93120000e-02
1128 7.90573000e-02
1129 8.30408000e-02
1130 8.32452000e-02
1131 8.19403000e-02
1132 8.06993000e-02
1133 8.04003000e-02
1134 7.99122000e-02
1135 8.02966000e-02
1136 7.87796000e-02
1137 8.18171000e-02
1138 8.32386000e-02
1139 7.89031000e-02
1140 8.04062000e-02
1141 8.07030000e-02
1142 7.80711000e-02
1143 9.29020000e-02
1144 8.04298000e-02
1145 7.92969000e-02
1146 8.28556000e-02
1147 8.22028000e-02
1148 8.16369000e-02
1149 7.87123000e-02
1150 8.04671000e-02
1151 8.00704000e-02
1152 8.35214000e-02
1153 8.19838000e-02
1154 8.13477000e-02
1155 8.07552000e-02
1156 7.94964000e-02
1157 8.02494000e-02
1158 8.03039000e-02
1159 8.27071000e-02
1160 8.31242000e-02
1161 8.18782000e-02
1162 7.99041000e-02
1163 8.26460000e-02
1164 7.99128000e-02
1165 8.08098000e-02
1166 8.22043000e-02
1167 8.26557000e-02
1168 7.85902000e-02
1169 7.89985000e-02
1170 7.94626000e-02
1171 8.21045000e-02
1172 8.08637000e-02
1173 7.55542000e-02
1174 7.36318000e-02
1175 7.64415000e-02
1176 7.43744000e-02
1177 7.33344000e-02
1178 7.76312000e-02
1179 8.02633000e-02
1180 8.16442000e-02
1181 7.96610000e-02
1182 7.80040000e-02
1183 7.91922000e-02
1184 7.98317000e-02
1185 7.95312000e-02
1186 7.90191000e-02
1187 7.68658000e-02
1188 7.87912000e-02
1189 7.80062000e-02
1190 8.16704000e-02
1191 8.07269000e-02
1192 8.69595000e-02
1193 8.99746000e-02
1194 8.19044000e-02
1195 8.11670000e-02
1196 7.93822000e-02
1197 8.03052000e-02
1198 7.91588000e-02
1199 8.77660000e-02
1200 9.03872000e-02
1201 8.53006000e-02
1202 8.66077000e-02
1203 8.60457000e-02
1204 8.36946000e-02
1205 8.36472000e-02
1206 8.27881000e-02
1207 8.12930000e-02
1208 8.25987000e-02
1209 8.60730000e-02
1210 8.36390000e-02
1211 8.59937000e-02
1212 8.63323000e-02
1213 8.28564000e-02
1214 8.11411000e-02
1215 8.20480000e-02
1216 8.33734000e-02
1217 8.12043000e-02
1218 8.04125000e-02
1219 8.07487000e-02
1220 8.04404000e-02
1221 8.22260000e-02
1222 8.23003000e-02
1223 8.21165000e-02
1224 8.45202000e-02
1225 8.22163000e-02
1226 8.15199000e-02
1227 8.22236000e-02
1228 8.26388000e-02
1229 8.12927000e-02
1230 8.02215000e-02
1231 7.87280000e-02
1232 8.05472000e-02
1233 7.94461000e-02
1234 7.98884000e-02
1235 7.85462000e-02
1236 7.97167000e-02
1237 8.17594000e-02
1238 7.99064000e-02
1239 7.88783000e-02
1240 8.18015000e-02
1241 8.00361000e-02
1242 8.29247000e-02
1243 7.89096000e-02
1244 7.95227000e-02
1245 7.81283000e-02
1246 8.00771000e-02
1247 7.78719000e-02
1248 8.03240000e-02
1249 8.57992000e-02
1250 7.95862000e-02
1251 8.03804000e-02
1252 8.11508000e-02
1253 8.15675000e-02
1254 7.93982000e-02
1255 7.99718000e-02
1256 7.86530000e-02
1257 7.90864000e-02
1258 7.98580000e-02
1259 7.84405000e-02
1260 7.96247000e-02
1261 8.23087000e-02
1262 7.88957000e-02
1263 7.83854000e-02
1264 8.07570000e-02
1265 7.88721000e-02
1266 8.05442000e-02
1267 7.82059000e-02
1268 7.92056000e-02
1269 7.94967000e-02
1270 7.85961000e-02
1271 8.24482000e-02
1272 7.97176000e-02
1273 8.01450000e-02
1274 8.22272000e-02
1275 7.95916000e-02
1276 7.87203000e-02
1277 7.97311000e-02
1278 8.02639000e-02
1279 7.76269000e-02
1280 8.01566000e-02
1281 7.84087000e-02
1282 7.99657000e-02
1283 8.13506000e-02
1284 7.89626000e-02
1285 8.13974000e-02
1286 7.87124000e-02
1287 8.04626000e-02
1288 7.83109000e-02
1289 7.90176000e-02
1290 8.13684000e-02
1291 8.12251000e-02
1292 8.10477000e-02
1293 7.90259000e-02
1294 7.96904000e-02
1295 8.15925000e-02
1296 8.16023000e-02
1297 8.19665000e-02
1298 7.97926000e-02
1299 8.49171000e-02
1300 7.86700000e-02
1301 9.06637000e-02
1302 7.97862000e-02
1303 8.16201000e-02
1304 8.10021000e-02
1305 7.75038000e-02
1306 7.62305000e-02
1307 7.47353000e-02
1308 7.49499000e-02
1309 7.54921000e-02
1310 7.48505000e-02
1311 7.59182000e-02
1312 7.52026000e-02
1313 7.43206000e-02
1314 7.57935000e-02
1315 7.62375000e-02
1316 8.33943000e-02
1317 7.78499000e-02
1318 8.16368000e-02
1319 8.73447000e-02
1320 8.17438000e-02
1321 8.41138000e-02
1322 8.20847000e-02
1323 8.22492000e-02
1324 8.09624000e-02
1325 7.64672000e-02
1326 7.79645000e-02
1327 8.11588000e-02
1328 8.01901000e-02
1329 7.99820000e-02
1330 7.74055000e-02
1331 7.47429000e-02
1332 7.33802000e-02
1333 7.32855000e-02
1334 7.40311000e-02
1335 7.35813000e-02
1336 7.35761000e-02
1337 7.55993000e-02
1338 7.47043000e-02
1339 7.62180000e-02
1340 7.51889000e-02
1341 7.55399000e-02
1342 7.78807000e-02
1343 7.39567000e-02
1344 7.42054000e-02
1345 7.52254000e-02
1346 7.38776000e-02
1347 7.35100000e-02
1348 7.26719000e-02
1349 7.33004000e-02
1350 7.30046000e-02
1351 7.54091000e-02
1352 7.53791000e-02
1353 7.49366000e-02
1354 7.32356000e-02
1355 7.39863000e-02
1356 7.27552000e-02
1357 7.36366000e-02
1358 7.29454000e-02
1359 7.33602000e-02
1360 7.38434000e-02
1361 7.48808000e-02
1362 7.23006000e-02
1363 7.29034000e-02
1364 7.59202000e-02
1365 7.29801000e-02
1366 7.62326000e-02
1367 7.84732000e-02
1368 8.06987000e-02
1369 7.79538000e-02
1370 7.78079000e-02
1371 7.42833000e-02
1372 7.36933000e-02
1373 7.41998000e-02
1374 7.25021000e-02
1375 7.33881000e-02
1376 7.26404000e-02
1377 7.75880000e-02
1378 7.70979000e-02
1379 7.43534000e-02
1380 7.43202000e-02
1381 7.37611000e-02
1382 7.36781000e-02
1383 7.43187000e-02
1384 7.26724000e-02
1385 7.41492000e-02
1386 7.47362000e-02
1387 7.41168000e-02
1388 7.64597000e-02
1389 7.50960000e-02
1390 7.48045000e-02
1391 7.68574000e-02
1392 7.69579000e-02
1393 8.19218000e-02
1394 8.10760000e-02
1395 8.00558000e-02
1396 7.56605000e-02
1397 7.28412000e-02
1398 7.28733000e-02
1399 7.60547000e-02
1400 8.57817000e-02
1401 8.22314000e-02
1402 7.34509000e-02
1403 7.50233000e-02
1404 7.62483000e-02
1405 7.91890000e-02
1406 7.39432000e-02
1407 7.43306000e-02
1408 7.73263000e-02
1409 7.41362000e-02
1410 7.40887000e-02
1411 7.57997000e-02
1412 7.40786000e-02
1413 7.31055000e-02
1414 7.51300000e-02
1415 7.60282000e-02
1416 7.46518000e-02
1417 7.83220000e-02
1418 7.54820000e-02
1419 7.77268000e-02
1420 7.44094000e-02
1421 7.43420000e-02
1422 7.46147000e-02
1423 7.43868000e-02
1424 7.26966000e-02
1425 7.44708000e-02
1426 7.37208000e-02
1427 7.47105000e-02
1428 7.41172000e-02
1429 7.29414000e-02
1430 7.59038000e-02
1431 7.51616000e-02
1432 7.52370000e-02
1433 7.50696000e-02
1434 7.52214000e-02
1435 7.54243000e-02
1436 7.14644000e-02
1437 7.34215000e-02
1438 7.40487000e-02
1439 7.39944000e-02
1440 7.32625000e-02
1441 7.38329000e-02
1442 7.34982000e-02
1443 7.40899000e-02
1444 7.70495000e-02
1445 7.44998000e-02
1446 7.59957000e-02
1447 7.58886000e-02
1448 7.58414000e-02
1449 7.38070000e-02
1450 7.37475000e-02
1451 7.42847000e-02
1452 7.52001000e-02
1453 7.40676000e-02
1454 7.36156000e-02
1455 7.38903000e-02
1456 7.35630000e-02
1457 7.65606000e-02
1458 7.83138000e-02
1459 7.83807000e-02
1460 7.99437000e-02
1461 8.04633000e-02
1462 8.02467000e-02
1463 7.89248000e-02
1464 7.99272000e-02
1465 7.55836000e-02
1466 8.34836000e-02
1467 7.99422000e-02
1468 7.99363000e-02
1469 7.94841000e-02
1470 8.35260000e-02
1471 7.93217000e-02
1472 7.84629000e-02
1473 7.48884000e-02
1474 7.61650000e-02
1475 7.41485000e-02
1476 7.32266000e-02
1477 7.26254000e-02
1478 7.22991000e-02
1479 7.60358000e-02
1480 8.08655000e-02
1481 8.10011000e-02
1482 7.85997000e-02
1483 8.16750000e-02
1484 7.64871000e-02
1485 7.40797000e-02
1486 7.62179000e-02
1487 7.75877000e-02
1488 7.43669000e-02
1489 7.38066000e-02
1490 7.37713000e-02
1491 7.54350000e-02
1492 7.42825000e-02
1493 7.31266000e-02
1494 7.47019000e-02
1495 7.35140000e-02
1496 7.74541000e-02
1497 7.46784000e-02
1498 7.35944000e-02
1499 7.25950000e-02
1500 7.37072000e-02
1501 7.54597000e-02
1502 7.77874000e-02
1503 8.21429000e-02
1504 8.47944000e-02
1505 8.31960000e-02
1506 8.42650000e-02
1507 8.33946000e-02
1508 8.88824000e-02
1509 8.52955000e-02
1510 7.71601000e-02
1511 7.72128000e-02
1512 8.05336000e-02
1513 7.84684000e-02
1514 7.59934000e-02
1515 7.61503000e-02
1516 7.57008000e-02
1517 7.60630000e-02
1518 7.80751000e-02
1519 8.63568000e-02
1520 8.38790000e-02
1521 8.51401000e-02
1522 8.06632000e-02
1523 7.38914000e-02
1524 7.61888000e-02
1525 7.53171000e-02
1526 8.28661000e-02
1527 9.61290000e-02
1528 8.84194000e-02
1529 8.01573000e-02
1530 7.39741000e-02
1531 7.49686000e-02
1532 7.29657000e-02
1533 7.40680000e-02
1534 7.86644000e-02
1535 6.95660000e-02
1536 7.79780000e-02
1537 7.60684000e-02
1538 7.72587000e-02
1539 7.48121000e-02
1540 7.39578000e-02
1541 7.55984000e-02
1542 7.96180000e-02
1543 8.21599000e-02
1544 8.31653000e-02
1545 8.10322000e-02
1546 7.52959000e-02
1547 7.92666000e-02
1548 8.01069000e-02
1549 7.88324000e-02
1550 7.66776000e-02
1551 7.62326000e-02
1552 7.49525000e-02
1553 7.41211000e-02
1554 7.47010000e-02
1555 7.37837000e-02
1556 7.57193000e-02
1557 7.56355000e-02
1558 7.39620000e-02
1559 7.44789000e-02
1560 8.13414000e-02
1561 7.51392000e-02
1562 7.48405000e-02
1563 7.50496000e-02
1564 9.32129000e-02
1565 8.42459000e-02
1566 8.00787000e-02
1567 7.62499000e-02
1568 7.64705000e-02
1569 7.40479000e-02
1570 7.19001000e-02
1571 7.51969000e-02
1572 7.44954000e-02
1573 8.19379000e-02
1574 7.95399000e-02
1575 7.36425000e-02
1576 7.36291000e-02
1577 7.59255000e-02
1578 7.46240000e-02
1579 7.98230000e-02
1580 8.06215000e-02
1581 7.58221000e-02
1582 7.43134000e-02
1583 7.43821000e-02
1584 7.37262000e-02
1585 7.48897000e-02
1586 7.91702000e-02
1587 8.23469000e-02
1588 7.94942000e-02
1589 8.01012000e-02
1590 8.84312000e-02
1591 8.16392000e-02
1592 8.02953000e-02
1593 8.43204000e-02
1594 7.89979000e-02
1595 7.49751000e-02
1596 7.33147000e-02
1597 7.46657000e-02
1598 7.52034000e-02
1599 7.63756000e-02
1600 7.46842000e-02
1601 7.80570000e-02
1602 8.74494000e-02
1603 7.97183000e-02
1604 7.95780000e-02
1605 7.90897000e-02
1606 7.91464000e-02
1607 7.77527000e-02
1608 8.05671000e-02
1609 7.85363000e-02
1610 7.85321000e-02
1611 7.99919000e-02
1612 7.60363000e-02
1613 7.85660000e-02
1614 8.08565000e-02
1615 7.34476000e-02
1616 7.76359000e-02
1617 7.44458000e-02
1618 7.41910000e-02
1619 7.38021000e-02
1620 7.33756000e-02
1621 7.42016000e-02
1622 7.30077000e-02
1623 7.28491000e-02
1624 7.33813000e-02
1625 7.58923000e-02
1626 7.32217000e-02
1627 7.29023000e-02
1628 7.41876000e-02
1629 7.48354000e-02
1630 7.32054000e-02
1631 7.37003000e-02
1632 7.36140000e-02
1633 7.30547000e-02
1634 7.89389000e-02
1635 7.99896000e-02
1636 8.04251000e-02
1637 8.34706000e-02
1638 8.58196000e-02
1639 7.87791000e-02
1640 7.71892000e-02
1641 7.54544000e-02
1642 7.43198000e-02
1643 8.18673000e-02
1644 7.97687000e-02
1645 7.99022000e-02
1646 7.93765000e-02
1647 7.85299000e-02
1648 7.89426000e-02
1649 7.96979000e-02
1650 7.56907000e-02
1651 7.34695000e-02
1652 7.78867000e-02
1653 8.52071000e-02
1654 8.20033000e-02
1655 7.48025000e-02
1656 7.31833000e-02
1657 7.37510000e-02
1658 8.04052000e-02
1659 8.25070000e-02
1660 8.00376000e-02
1661 8.14504000e-02
1662 8.30064000e-02
1663 8.39640000e-02
1664 8.19594000e-02
1665 8.14679000e-02
1666 7.98141000e-02
1667 8.10574000e-02
1668 7.74899000e-02
1669 7.48616000e-02
1670 8.13921000e-02
1671 8.05312000e-02
1672 7.52896000e-02
1673 7.29658000e-02
1674 7.27806000e-02
1675 7.42722000e-02
1676 7.87412000e-02
1677 8.11053000e-02
1678 8.21825000e-02
1679 8.06366000e-02
1680 7.75737000e-02
1681 7.65673000e-02
1682 8.80358000e-02
1683 8.75094000e-02
1684 8.30336000e-02
1685 8.24897000e-02
1686 8.46353000e-02
1687 8.22136000e-02
1688 8.53685000e-02
1689 8.19142000e-02
1690 7.78451000e-02
1691 8.67299000e-02
1692 8.29849000e-02
1693 8.19229000e-02
1694 8.16153000e-02
1695 8.34781000e-02
1696 8.58405000e-02
1697 8.34140000e-02
1698 8.26789000e-02
1699 8.14580000e-02
1700 8.44953000e-02
1701 8.09888000e-02
1702 7.98018000e-02
1703 8.00323000e-02
1704 7.87870000e-02
1705 8.35478000e-02
1706 8.15321000e-02
1707 8.57793000e-02
1708 8.14394000e-02
1709 7.97184000e-02
1710 8.33488000e-02
1711 7.90422000e-02
1712 7.90270000e-02
1713 7.78662000e-02
1714 7.79041000e-02
1715 7.39263000e-02
1716 7.40616000e-02
1717 7.45183000e-02
1718 7.21325000e-02
1719 7.61889000e-02
1720 8.05455000e-02
1721 8.69884000e-02
1722 8.31872000e-02
1723 8.26167000e-02
1724 8.35218000e-02
1725 8.51835000e-02
1726 8.14438000e-02
1727 8.03583000e-02
1728 8.09649000e-02
1729 8.25546000e-02
1730 7.93539000e-02
1731 7.87915000e-02
1732 7.90430000e-02
1733 7.82724000e-02
1734 7.82921000e-02
1735 7.75102000e-02
1736 7.76691000e-02
1737 7.97220000e-02
1738 7.70471000e-02
1739 7.80691000e-02
1740 7.84734000e-02
1741 7.87519000e-02
1742 7.90349000e-02
1743 8.05751000e-02
1744 7.62456000e-02
1745 7.71935000e-02
1746 7.78040000e-02
1747 8.63216000e-02
1748 8.39635000e-02
1749 7.89677000e-02
1750 8.26151000e-02
1751 9.13685000e-02
1752 7.94213000e-02
1753 7.85567000e-02
1754 7.99815000e-02
1755 8.64908000e-02
1756 8.42549000e-02
1757 7.85358000e-02
1758 7.83178000e-02
1759 8.11155000e-02
1760 7.88578000e-02
1761 7.81539000e-02
1762 7.95910000e-02
1763 8.03538000e-02
1764 7.66989000e-02
1765 7.64885000e-02
1766 7.68178000e-02
1767 7.88371000e-02
1768 7.62405000e-02
1769 7.75268000e-02
1770 7.92877000e-02
1771 7.87299000e-02
1772 7.94588000e-02
1773 7.98634000e-02
1774 8.03770000e-02
1775 8.44232000e-02
1776 8.02822000e-02
1777 7.92261000e-02
1778 7.75197000e-02
1779 7.27771000e-02
1780 7.37205000e-02
1781 7.67409000e-02
1782 7.28649000e-02
1783 7.63099000e-02
1784 8.27900000e-02
1785 8.26002000e-02
1786 8.16924000e-02
1787 8.07696000e-02
1788 8.27059000e-02
1789 8.19548000e-02
1790 8.26981000e-02
1791 8.07205000e-02
1792 8.41054000e-02
1793 8.15127000e-02
1794 7.98380000e-02
1795 7.90298000e-02
1796 7.80176000e-02
1797 7.76096000e-02
1798 7.66609000e-02
1799 7.81030000e-02
1800 7.73630000e-02
1801 7.79311000e-02
1802 7.65145000e-02
1803 7.76283000e-02
1804 7.89058000e-02
1805 7.71488000e-02
1806 7.73481000e-02
1807 7.88457000e-02
1808 7.62845000e-02
1809 7.58242000e-02
1810 7.74536000e-02
1811 7.74198000e-02
1812 7.70014000e-02
1813 7.79229000e-02
1814 8.06567000e-02
1815 7.57323000e-02
1816 7.66422000e-02
1817 7.72514000e-02
1818 7.72624000e-02
1819 7.87964000e-02
1820 7.67599000e-02
1821 7.83538000e-02
1822 7.60023000e-02
1823 7.73823000e-02
1824 7.80510000e-02
1825 7.78580000e-02
1826 8.11303000e-02
1827 7.84750000e-02
1828 7.83551000e-02
1829 7.64732000e-02
1830 7.76355000e-02
1831 7.82013000e-02
1832 7.56016000e-02
1833 7.82313000e-02
1834 7.69486000e-02
1835 7.55210000e-02
1836 7.62165000e-02
1837 7.66681000e-02
1838 7.67013000e-02
1839 8.09855000e-02
1840 7.77791000e-02
1841 7.58409000e-02
1842 7.68876000e-02
1843 7.77200000e-02
1844 7.48551000e-02
1845 7.15132000e-02
1846 7.18936000e-02
1847 7.76579000e-02
1848 8.23737000e-02
1849 8.19841000e-02
1850 8.11014000e-02
1851 8.07330000e-02
1852 8.42983000e-02
1853 8.26247000e-02
1854 7.98884000e-02
1855 8.13941000e-02
1856 8.04820000e-02
1857 8.17435000e-02
1858 7.71081000e-02
1859 7.65297000e-02
1860 7.83763000e-02
1861 7.82724000e-02
1862 7.66660000e-02
1863 7.81184000e-02
1864 7.78919000e-02
1865 7.87156000e-02
1866 7.74349000e-02
1867 7.65858000e-02
1868 7.89527000e-02
1869 7.72724000e-02
1870 7.63269000e-02
1871 7.59249000e-02
1872 7.64924000e-02
1873 7.62702000e-02
1874 7.77370000e-02
1875 7.79226000e-02
1876 7.77900000e-02
1877 7.89198000e-02
1878 7.94202000e-02
1879 7.75918000e-02
1880 7.91267000e-02
1881 7.84566000e-02
1882 7.75093000e-02
1883 7.62451000e-02
1884 8.01394000e-02
1885 7.81626000e-02
1886 7.64961000e-02
1887 7.92870000e-02
1888 7.71205000e-02
1889 7.73976000e-02
1890 7.82005000e-02
1891 7.73300000e-02
1892 7.78135000e-02
1893 7.79329000e-02
1894 7.89303000e-02
1895 7.64625000e-02
1896 7.52025000e-02
1897 7.58483000e-02
1898 7.70766000e-02
1899 7.56883000e-02
1900 7.72777000e-02
1901 7.66912000e-02
1902 7.72498000e-02
1903 7.92179000e-02
1904 7.64227000e-02
1905 7.79429000e-02
1906 7.64940000e-02
1907 7.90936000e-02
1908 7.77886000e-02
1909 7.68631000e-02
1910 7.62259000e-02
1911 7.61942000e-02
1912 8.04166000e-02
1913 7.98376000e-02
1914 8.08601000e-02
1915 8.42176000e-02
1916 8.22301000e-02
1917 8.29040000e-02
1918 8.15417000e-02
1919 8.13723000e-02
1920 8.20691000e-02
1921 7.98670000e-02
1922 7.71019000e-02
1923 7.62193000e-02
1924 7.68790000e-02
1925 7.66674000e-02
1926 7.66855000e-02
1927 7.77062000e-02
1928 7.78527000e-02
1929 8.33822000e-02
1930 7.79360000e-02
1931 7.82300000e-02
1932 7.72173000e-02
1933 7.83029000e-02
1934 7.84644000e-02
1935 7.52769000e-02
1936 7.61807000e-02
1937 7.71879000e-02
1938 7.58500000e-02
1939 7.64063000e-02
1940 7.54725000e-02
1941 7.68793000e-02
1942 7.81210000e-02
1943 7.75966000e-02
1944 7.72633000e-02
1945 7.95069000e-02
1946 8.06715000e-02
1947 7.96937000e-02
1948 7.96347000e-02
1949 8.04636000e-02
1950 7.94861000e-02
1951 8.06382000e-02
1952 8.12804000e-02
1953 7.73500000e-02
1954 7.91605000e-02
1955 7.74767000e-02
1956 7.76378000e-02
1957 7.71122000e-02
1958 7.74464000e-02
1959 7.76996000e-02
1960 7.60890000e-02
1961 7.75183000e-02
1962 7.61091000e-02
1963 7.76247000e-02
1964 7.83108000e-02
1965 7.82106000e-02
1966 8.80878000e-02
1967 9.07730000e-02
1968 8.35702000e-02
1969 8.20884000e-02
1970 7.96761000e-02
1971 7.42419000e-02
1972 7.40510000e-02
1973 7.36967000e-02
1974 7.31726000e-02
1975 8.08690000e-02
1976 8.05158000e-02
1977 8.01749000e-02
1978 7.97382000e-02
1979 8.03295000e-02
1980 8.11206000e-02
1981 8.03564000e-02
1982 8.01034000e-02
1983 8.22578000e-02
1984 7.90598000e-02
1985 7.45658000e-02
1986 8.00168000e-02
1987 8.26142000e-02
1988 7.91719000e-02
1989 7.81727000e-02
1990 7.71021000e-02
1991 7.59551000e-02
1992 8.05821000e-02
1993 7.88872000e-02
1994 7.79325000e-02
1995 7.81894000e-02
1996 7.95721000e-02
1997 7.54498000e-02
1998 7.52127000e-02
1999 7.79074000e-02
2000 7.84045000e-02
2001 7.64265000e-02
2002 7.65115000e-02
2003 7.66661000e-02
2004 7.70314000e-02
2005 7.93161000e-02
2006 7.82426000e-02
2007 7.59628000e-02
2008 7.72331000e-02
2009 7.81631000e-02
2010 7.77051000e-02
2011 7.66404000e-02
2012 7.80960000e-02
2013 7.67129000e-02
2014 7.79623000e-02
2015 7.61192000e-02
2016 7.59156000e-02
2017 7.76652000e-02
2018 7.95026000e-02
2019 7.93751000e-02
2020 7.83244000e-02
2021 7.70835000e-02
2022 8.06890000e-02
2023 7.78082000e-02
2024 7.60661000e-02
2025 7.64166000e-02
2026 7.71995000e-02
2027 7.61352000e-02
2028 7.76701000e-02
2029 7.81528000e-02
2030 7.64870000e-02
2031 8.06606000e-02
2032 8.54522000e-02
2033 7.91922000e-02
2034 7.92489000e-02
2035 7.91872000e-02
2036 7.72351000e-02
2037 7.74856000e-02
2038 7.73771000e-02
2039 7.88123000e-02
2040 8.03713000e-02
2041 8.01130000e-02
2042 7.96091000e-02
2043 8.18611000e-02
2044 8.02267000e-02
2045 7.94347000e-02
2046 7.95708000e-02
2047 8.15731000e-02
2048 7.92810000e-02
2049 7.46817000e-02
2050 7.54199000e-02
2051 7.87225000e-02
2052 7.76489000e-02
2053 7.74339000e-02
2054 7.61917000e-02
2055 7.67606000e-02
2056 8.19527000e-02
2057 7.74760000e-02
2058 7.66842000e-02
2059 7.58376000e-02
2060 7.75620000e-02
2061 7.62790000e-02
2062 7.61213000e-02
2063 7.74860000e-02
2064 7.71466000e-02
2065 7.79355000e-02
2066 7.78151000e-02
2067 7.71135000e-02
2068 7.57886000e-02
2069 7.94554000e-02
2070 7.63944000e-02
2071 7.51288000e-02
2072 7.49700000e-02
2073 7.76722000e-02
2074 7.64592000e-02
2075 7.79246000e-02
2076 7.77589000e-02
2077 7.60338000e-02
2078 7.72736000e-02
2079 7.74391000e-02
2080 7.80934000e-02
2081 7.73514000e-02
2082 7.82052000e-02
2083 7.63850000e-02
2084 7.76558000e-02
2085 7.73389000e-02
2086 7.86085000e-02
2087 7.91966000e-02
2088 7.66132000e-02
2089 7.64845000e-02
2090 7.69703000e-02
2091 7.61369000e-02
2092 7.66888000e-02
2093 7.78811000e-02
2094 7.56084000e-02
2095 7.94559000e-02
2096 7.71429000e-02
2097 7.75014000e-02
2098 7.61027000e-02
2099 7.86728000e-02
2100 7.65728000e-02
2101 7.63764000e-02
2102 7.60680000e-02
2103 8.08567000e-02
2104 8.21543000e-02
2105 8.08917000e-02
2106 8.17145000e-02
2107 8.04085000e-02
2108 8.11750000e-02
2109 8.21858000e-02
2110 8.18083000e-02
2111 8.14604000e-02
2112 8.06610000e-02
2113 7.66480000e-02
2114 7.28186000e-02
2115 7.46180000e-02
2116 7.66838000e-02
2117 7.68785000e-02
2118 7.77984000e-02
2119 7.83788000e-02
2120 8.06573000e-02
2121 7.79189000e-02
2122 7.83473000e-02
2123 7.67947000e-02
2124 7.76146000e-02
2125 7.70450000e-02
2126 7.73806000e-02
2127 7.73814000e-02
2128 7.70539000e-02
2129 7.62762000e-02
2130 7.50209000e-02
2131 7.71908000e-02
2132 7.61250000e-02
2133 7.86379000e-02
2134 7.79244000e-02
2135 7.57520000e-02
2136 7.53247000e-02
2137 7.89841000e-02
2138 8.28378000e-02
2139 8.13125000e-02
2140 8.10059000e-02
2141 8.02108000e-02
2142 7.98560000e-02
2143 7.54851000e-02
2144 7.20570000e-02
2145 7.28382000e-02
2146 7.58938000e-02
2147 7.38670000e-02
2148 7.41584000e-02
2149 7.27092000e-02
2150 7.28754000e-02
2151 7.44220000e-02
2152 7.28506000e-02
2153 7.21497000e-02
2154 7.35877000e-02
2155 7.26034000e-02
2156 7.27503000e-02
2157 7.42464000e-02
2158 7.33996000e-02
2159 7.49025000e-02
2160 7.58594000e-02
2161 7.28987000e-02
2162 7.44038000e-02
2163 7.36851000e-02
2164 7.56594000e-02
2165 7.25366000e-02
2166 7.24535000e-02
2167 7.37120000e-02
2168 7.51610000e-02
2169 7.73414000e-02
2170 7.65906000e-02
2171 7.68421000e-02
2172 7.58768000e-02
2173 7.91883000e-02
2174 7.89756000e-02
2175 7.68316000e-02
2176 7.69553000e-02
2177 7.98877000e-02
2178 7.73333000e-02
2179 7.44989000e-02
2180 7.28862000e-02
2181 7.28203000e-02
2182 7.42539000e-02
2183 7.42841000e-02
2184 7.36079000e-02
2185 7.42036000e-02
2186 7.16213000e-02
2187 7.34405000e-02
2188 7.27826000e-02
2189 7.23877000e-02
2190 7.36830000e-02
2191 7.48837000e-02
2192 7.56383000e-02
2193 8.20093000e-02
2194 8.84940000e-02
2195 7.82837000e-02
2196 7.83343000e-02
2197 7.76514000e-02
2198 7.72484000e-02
2199 7.58982000e-02
2200 7.93121000e-02
2201 7.72294000e-02
2202 7.84422000e-02
2203 7.79847000e-02
2204 7.57963000e-02
2205 7.56486000e-02
2206 7.88366000e-02
2207 7.68978000e-02
2208 7.56785000e-02
2209 7.76550000e-02
2210 7.83768000e-02
2211 7.66219000e-02
2212 7.94035000e-02
2213 7.64639000e-02
2214 7.71899000e-02
2215 7.90822000e-02
2216 7.73227000e-02
2217 7.92796000e-02
2218 7.85167000e-02
2219 7.73344000e-02
2220 7.68135000e-02
2221 7.74020000e-02
2222 8.03188000e-02
2223 7.56943000e-02
2224 7.97105000e-02
2225 8.33113000e-02
2226 8.06505000e-02
2227 8.10769000e-02
2228 7.97461000e-02
2229 8.18096000e-02
2230 7.80556000e-02
2231 7.75789000e-02
2232 7.68053000e-02
2233 8.17674000e-02
2234 8.26628000e-02
2235 8.37421000e-02
2236 8.41682000e-02
2237 8.66254000e-02
2238 8.38269000e-02
2239 8.00095000e-02
2240 8.58299000e-02
2241 8.46252000e-02
2242 9.03145000e-02
2243 8.54883000e-02
2244 8.17009000e-02
2245 7.55359000e-02
2246 7.45902000e-02
2247 7.73653000e-02
2248 8.18782000e-02
2249 8.50842000e-02
2250 8.60120000e-02
2251 8.51615000e-02
2252 8.78015000e-02
2253 8.65787000e-02
2254 8.86793000e-02
2255 1.00446500e-01
2256 9.46222000e-02
2257 1.03308700e-01
2258 1.35422300e-01
2259 9.64551000e-02
2260 1.04742400e-01
2261 9.92598000e-02
2262 9.80075000e-02
2263 9.36419000e-02
2264 9.17748000e-02
2265 9.56944000e-02
2266 9.12034000e-02
2267 8.73778000e-02
2268 8.33536000e-02
2269 8.29204000e-02
2270 8.45812000e-02
2271 8.12279000e-02
2272 8.12696000e-02
2273 8.09822000e-02
2274 8.23357000e-02
2275 7.70879000e-02
2276 7.69076000e-02
2277 7.97225000e-02
2278 7.83761000e-02
2279 8.10871000e-02
2280 8.07727000e-02
2281 7.51743000e-02
2282 7.76699000e-02
2283 7.94073000e-02
2284 8.13110000e-02
2285 8.14620000e-02
2286 7.97049000e-02
2287 7.96162000e-02
2288 8.00137000e-02
2289 8.20858000e-02
2290 8.28415000e-02
2291 9.14006000e-02
2292 8.64872000e-02
2293 8.27391000e-02
2294 8.17445000e-02
2295 8.10656000e-02
2296 8.87467000e-02
2297 8.03015000e-02
2298 8.29598000e-02
2299 8.43312000e-02
2300 8.19223000e-02
2301 8.14986000e-02
2302 8.09298000e-02
2303 8.14288000e-02
2304 8.03013000e-02
2305 8.13964000e-02
2306 8.17190000e-02
2307 8.12622000e-02
2308 8.42520000e-02
2309 8.37938000e-02
2310 8.27906000e-02
2311 8.40316000e-02
2312 8.06083000e-02
2313 8.19117000e-02
2314 8.36097000e-02
2315 8.28610000e-02
2316 8.44318000e-02
2317 8.33088000e-02
2318 8.31843000e-02
2319 8.19763000e-02
2320 8.89414000e-02
2321 8.26617000e-02
2322 8.28265000e-02
2323 8.19656000e-02
2324 8.21630000e-02
2325 8.19028000e-02
2326 8.02116000e-02
2327 8.03887000e-02
2328 7.95437000e-02
2329 8.03972000e-02
2330 8.11405000e-02
2331 8.00882000e-02
2332 7.81331000e-02
2333 8.25315000e-02
2334 7.92029000e-02
2335 7.98306000e-02
2336 8.29245000e-02
2337 8.13540000e-02
2338 8.05850000e-02
2339 8.05706000e-02
2340 8.00173000e-02
2341 7.96682000e-02
2342 8.12697000e-02
2343 8.01108000e-02
2344 8.03401000e-02
2345 8.17944000e-02
2346 8.05897000e-02
2347 7.99692000e-02
2348 8.18283000e-02
2349 8.34882000e-02
2350 8.58268000e-02
2351 8.64966000e-02
2352 8.40216000e-02
2353 8.31025000e-02
2354 8.04102000e-02
2355 8.10246000e-02
2356 8.12588000e-02
2357 8.11214000e-02
2358 8.20395000e-02
2359 8.48558000e-02
2360 8.58871000e-02
2361 8.05064000e-02
2362 8.16915000e-02
2363 8.00066000e-02
2364 7.87277000e-02
2365 8.14433000e-02
2366 8.07960000e-02
2367 8.30075000e-02
2368 8.40523000e-02
2369 8.29903000e-02
2370 8.19772000e-02
2371 7.94005000e-02
2372 8.02878000e-02
2373 8.10945000e-02
2374 8.07234000e-02
2375 8.12007000e-02
2376 8.13086000e-02
2377 8.04192000e-02
2378 8.23288000e-02
2379 7.86214000e-02
2380 8.16176000e-02
2381 8.48121000e-02
2382 8.27253000e-02
2383 7.97708000e-02
2384 8.27199000e-02
2385 8.18393000e-02
2386 8.20854000e-02
2387 8.06915000e-02
2388 8.03716000e-02
2389 8.38825000e-02
2390 8.00236000e-02
2391 8.02651000e-02
2392 7.94920000e-02
2393 7.75957000e-02
2394 8.13044000e-02
2395 8.19730000e-02
2396 8.11594000e-02
2397 8.19325000e-02
2398 8.15756000e-02
2399 8.76376000e-02
2400 8.26883000e-02
2401 7.95975000e-02
2402 8.05187000e-02
2403 8.18146000e-02
2404 7.98225000e-02
2405 7.96216000e-02
2406 8.35477000e-02
2407 8.09128000e-02
2408 8.07200000e-02
2409 8.07615000e-02
2410 8.29152000e-02
2411 8.08512000e-02
2412 8.04900000e-02
2413 8.00747000e-02
2414 8.05580000e-02
2415 8.02153000e-02
2416 8.00443000e-02
2417 8.15130000e-02
2418 8.50412000e-02
2419 8.24751000e-02
2420 8.14562000e-02
2421 8.19982000e-02
2422 8.18085000e-02
2423 8.06169000e-02
2424 8.08541000e-02
2425 8.33847000e-02
2426 8.05919000e-02
2427 8.21308000e-02
2428 8.39051000e-02
2429 8.17011000e-02
2430 8.29063000e-02
2431 8.02852000e-02
2432 8.11824000e-02
2433 8.28704000e-02
2434 8.12728000e-02
2435 8.26211000e-02
2436 8.13334000e-02
2437 8.05856000e-02
2438 8.21776000e-02
2439 7.99898000e-02
2440 7.96775000e-02
2441 8.23704000e-02
2442 7.98300000e-02
2443 8.30055000e-02
2444 8.62901000e-02
2445 8.33437000e-02
2446 8.31524000e-02
2447 8.16702000e-02
2448 8.18749000e-02
2449 7.96739000e-02
2450 7.98092000e-02
2451 8.23086000e-02
2452 7.98670000e-02
2453 8.16357000e-02
2454 7.93814000e-02
2455 8.31719000e-02
2456 8.22019000e-02
2457 8.40044000e-02
2458 8.83719000e-02
2459 8.43495000e-02
2460 8.45692000e-02
2461 8.16443000e-02
2462 8.04920000e-02
2463 8.36223000e-02
2464 8.08856000e-02
2465 8.12500000e-02
2466 8.13011000e-02
2467 8.23497000e-02
2468 8.29517000e-02
2469 8.10811000e-02
2470 8.06503000e-02
2471 8.43914000e-02
2472 8.27930000e-02
2473 7.98667000e-02
2474 8.20058000e-02
2475 8.58121000e-02
2476 8.15229000e-02
2477 8.07551000e-02
2478 8.05964000e-02
2479 8.51073000e-02
2480 7.99489000e-02
2481 7.88949000e-02
2482 8.09579000e-02
2483 7.98306000e-02
2484 7.88049000e-02
2485 8.12352000e-02
2486 8.65130000e-02
2487 8.29538000e-02
2488 8.10353000e-02
2489 8.01106000e-02
2490 8.14661000e-02
2491 8.36229000e-02
2492 7.88340000e-02
2493 8.28897000e-02
2494 8.19210000e-02
2495 8.39407000e-02
2496 7.89892000e-02
2497 8.31556000e-02
2498 7.93653000e-02
2499 8.12296000e-02
2500 8.04041000e-02
2501 7.98429000e-02
2502 8.09276000e-02
2503 8.20699000e-02
2504 8.04302000e-02
2505 8.10560000e-02
2506 8.59406000e-02
2507 8.29232000e-02
2508 8.01503000e-02
2509 8.13521000e-02
2510 7.93465000e-02
2511 8.13222000e-02
2512 7.93375000e-02
2513 8.04557000e-02
2514 7.82240000e-02
2515 8.17064000e-02
2516 8.34359000e-02
2517 8.10377000e-02
2518 7.99220000e-02
2519 8.51427000e-02
2520 8.33700000e-02
2521 8.04099000e-02
2522 8.01168000e-02
2523 8.26262000e-02
2524 7.91809000e-02
2525 7.98357000e-02
2526 7.88416000e-02
2527 7.86650000e-02
2528 8.25892000e-02
2529 8.22715000e-02
2530 8.22888000e-02
2531 8.42017000e-02
2532 8.22867000e-02
2533 8.15791000e-02
2534 8.46651000e-02
2535 7.98677000e-02
2536 8.10663000e-02
2537 8.19495000e-02
2538 7.86318000e-02
2539 7.98309000e-02
2540 8.29368000e-02
2541 7.98519000e-02
2542 7.93859000e-02
2543 8.14689000e-02
2544 8.07047000e-02
2545 8.00132000e-02
2546 7.89603000e-02
2547 8.04616000e-02
2548 8.31398000e-02
2549 7.81016000e-02
2550 8.10090000e-02
2551 8.01372000e-02
2552 8.04950000e-02
2553 8.24860000e-02
2554 7.85434000e-02
2555 8.14118000e-02
2556 8.39211000e-02
2557 1.00815400e-01
2558 1.01162800e-01
2559 9.60209000e-02
2560 8.02223000e-02
2561 7.94010000e-02
2562 8.06921000e-02
2563 7.98039000e-02
2564 7.69303000e-02
2565 8.33525000e-02
2566 8.19913000e-02
2567 8.03407000e-02
2568 8.20757000e-02
2569 8.03512000e-02
2570 8.07545000e-02
2571 7.97222000e-02
2572 8.08402000e-02
2573 7.93558000e-02
2574 8.10343000e-02
2575 7.96873000e-02
2576 7.96648000e-02
2577 8.11759000e-02
2578 7.95903000e-02
2579 8.04759000e-02
2580 8.09599000e-02
2581 8.12414000e-02
2582 7.97452000e-02
2583 7.90994000e-02
2584 8.05221000e-02
2585 8.17666000e-02
2586 8.00670000e-02
2587 8.09509000e-02
2588 7.91125000e-02
2589 8.62462000e-02
2590 8.88904000e-02
2591 7.97401000e-02
2592 8.05603000e-02
2593 8.57459000e-02
2594 8.30913000e-02
2595 8.55286000e-02
2596 8.19920000e-02
2597 8.04844000e-02
2598 7.93362000e-02
2599 8.14997000e-02
2600 8.53868000e-02
2601 8.26920000e-02
2602 8.61971000e-02
2603 8.04276000e-02
2604 8.11191000e-02
2605 8.41432000e-02
2606 8.49819000e-02
2607 8.43705000e-02
2608 8.34138000e-02
2609 8.28044000e-02
2610 8.34730000e-02
2611 8.09462000e-02
2612 8.07763000e-02
2613 7.87353000e-02
2614 7.93961000e-02
2615 8.18474000e-02
2616 7.99860000e-02
2617 8.20239000e-02
2618 8.18926000e-02
2619 7.94069000e-02
2620 8.06053000e-02
2621 8.06186000e-02
2622 7.98172000e-02
2623 8.13089000e-02
2624 8.07990000e-02
2625 8.07750000e-02
2626 8.05186000e-02
2627 8.84525000e-02
2628 8.00622000e-02
2629 8.03138000e-02
2630 8.20612000e-02
2631 7.85712000e-02
2632 8.22038000e-02
2633 8.05796000e-02
2634 8.02875000e-02
2635 8.06489000e-02
2636 8.00969000e-02
2637 7.97387000e-02
2638 8.41298000e-02
2639 8.03496000e-02
2640 7.92235000e-02
2641 8.06467000e-02
2642 8.29053000e-02
2643 8.06221000e-02
2644 8.03087000e-02
2645 8.05943000e-02
2646 8.09234000e-02
2647 8.05406000e-02
2648 7.45643000e-02
2649 8.21912000e-02
2650 7.38478000e-02
2651 7.67737000e-02
2652 7.36538000e-02
2653 7.72803000e-02
2654 8.55897000e-02
2655 8.67481000e-02
2656 8.03558000e-02
2657 8.19631000e-02
2658 8.12212000e-02
2659 7.96354000e-02
2660 8.00507000e-02
2661 7.87963000e-02
2662 7.98235000e-02
2663 8.07201000e-02
2664 8.10153000e-02
2665 8.26158000e-02
2666 7.85582000e-02
2667 8.02856000e-02
2668 8.00974000e-02
2669 8.13178000e-02
2670 8.09160000e-02
2671 8.08220000e-02
2672 7.94830000e-02
2673 7.84846000e-02
2674 8.03449000e-02
2675 8.00804000e-02
2676 8.29633000e-02
2677 7.91791000e-02
2678 7.99309000e-02
2679 8.05453000e-02
2680 7.99287000e-02
2681 7.95896000e-02
2682 7.99768000e-02
2683 7.97663000e-02
2684 7.82238000e-02
2685 7.92352000e-02
2686 7.95821000e-02
2687 7.93062000e-02
2688 7.83000000e-02
2689 8.02984000e-02
2690 7.91723000e-02
2691 8.04552000e-02
2692 8.31681000e-02
2693 8.06078000e-02
2694 8.07216000e-02
2695 7.91010000e-02
2696 7.78988000e-02
2697 7.94413000e-02
2698 8.02759000e-02
2699 8.33545000e-02
2700 7.96782000e-02
2701 8.31183000e-02
2702 7.95812000e-02
2703 8.02432000e-02
2704 8.11349000e-02
2705 7.91815000e-02
2706 7.11815000e-02
2707 9.33657000e-02
2708 9.48570000e-02
2709 8.82787000e-02
2710 1.02694900e-01
2711 9.73167000e-02
2712 8.17774000e-02
2713 7.81313000e-02
2714 8.06134000e-02
2715 8.01661000e-02
2716 8.23491000e-02
2717 8.01236000e-02
2718 8.14990000e-02
2719 8.16791000e-02
2720 8.11511000e-02
2721 8.07060000e-02
2722 7.84898000e-02
2723 8.22216000e-02
2724 7.86340000e-02
2725 8.52195000e-02
2726 8.17007000e-02
2727 8.29055000e-02
2728 8.36434000e-02
2729 7.80396000e-02
2730 7.78911000e-02
2731 8.06440000e-02
2732 7.88546000e-02
2733 7.75243000e-02
2734 7.73330000e-02
2735 7.76859000e-02
2736 7.89882000e-02
2737 8.03262000e-02
2738 8.21188000e-02
2739 8.08119000e-02
2740 7.96356000e-02
2741 8.11250000e-02
2742 8.01195000e-02
2743 8.05803000e-02
2744 7.93516000e-02
2745 7.98948000e-02
2746 7.88275000e-02
2747 7.83369000e-02
2748 7.98803000e-02
2749 7.95374000e-02
2750 8.30392000e-02
2751 7.81928000e-02
2752 7.82528000e-02
2753 8.01911000e-02
2754 8.02934000e-02
2755 7.90064000e-02
2756 8.14099000e-02
2757 8.14403000e-02
2758 7.81639000e-02
2759 7.99645000e-02
2760 8.29246000e-02
2761 8.28854000e-02
2762 8.00518000e-02
2763 8.09853000e-02
2764 8.10270000e-02
2765 8.27005000e-02
2766 8.20828000e-02
2767 8.04943000e-02
2768 8.11950000e-02
2769 8.01663000e-02
2770 8.09702000e-02
2771 7.86304000e-02
2772 7.98603000e-02
2773 7.79808000e-02
2774 7.48008000e-02
2775 8.19817000e-02
2776 8.12063000e-02
2777 8.02803000e-02
2778 8.86367000e-02
2779 7.89265000e-02
2780 7.35838000e-02
2781 7.75729000e-02
2782 8.05129000e-02
2783 7.34351000e-02
2784 7.47339000e-02
2785 7.48429000e-02
2786 7.69938000e-02
2787 7.60054000e-02
2788 7.50840000e-02
2789 7.47755000e-02
2790 7.62748000e-02
2791 7.58687000e-02
2792 7.39323000e-02
2793 7.46136000e-02
2794 7.40967000e-02
2795 7.44094000e-02
2796 7.42060000e-02
2797 7.41592000e-02
2798 7.48799000e-02
2799 7.32028000e-02
2800 7.25046000e-02
2801 7.74160000e-02
2802 7.31803000e-02
2803 7.31805000e-02
2804 7.39411000e-02
2805 7.45309000e-02
2806 7.28965000e-02
2807 7.31380000e-02
2808 7.39806000e-02
2809 7.24727000e-02
2810 7.76794000e-02
2811 8.08400000e-02
2812 7.96106000e-02
2813 8.02404000e-02
2814 8.18616000e-02
2815 7.45646000e-02
2816 7.60209000e-02
2817 7.99859000e-02
2818 8.87177000e-02
2819 8.50148000e-02
2820 8.24374000e-02
2821 8.24956000e-02
2822 8.00306000e-02
2823 7.69385000e-02
2824 7.39670000e-02
2825 7.48572000e-02
2826 7.50306000e-02
2827 8.52328000e-02
2828 8.14265000e-02
2829 8.20945000e-02
2830 7.76179000e-02
2831 7.42277000e-02
2832 7.33888000e-02
2833 7.31558000e-02
2834 7.34082000e-02
2835 7.39133000e-02
2836 7.38164000e-02
2837 7.27407000e-02
2838 7.34647000e-02
2839 7.70050000e-02
2840 8.22372000e-02
2841 7.98504000e-02
2842 8.04166000e-02
2843 8.14517000e-02
2844 8.25999000e-02
2845 8.35911000e-02
2846 8.02910000e-02
2847 8.66256000e-02
2848 8.62335000e-02
2849 8.20686000e-02
2850 8.08571000e-02
2851 8.13107000e-02
2852 8.17682000e-02
2853 7.82384000e-02
2854 7.40494000e-02
2855 7.54355000e-02
2856 7.50353000e-02
2857 7.74202000e-02
2858 8.02678000e-02
2859 8.23233000e-02
2860 8.00231000e-02
2861 8.12765000e-02
2862 8.02916000e-02
2863 8.17233000e-02
2864 7.95249000e-02
2865 8.42687000e-02
2866 8.08643000e-02
2867 7.81381000e-02
2868 8.03229000e-02
2869 7.80237000e-02
2870 7.79898000e-02
2871 7.74812000e-02
2872 8.02037000e-02
2873 8.03529000e-02
2874 7.90642000e-02
2875 7.80522000e-02
2876 7.95205000e-02
2877 8.08129000e-02
2878 8.55990000e-02
2879 8.06577000e-02
2880 7.89369000e-02
2881 8.98659000e-02
2882 8.17582000e-02
2883 8.64334000e-02
2884 8.53576000e-02
2885 8.63059000e-02
2886 8.91716000e-02
2887 7.89853000e-02
2888 7.45142000e-02
2889 7.47233000e-02
2890 7.43543000e-02
2891 7.28458000e-02
2892 7.54981000e-02
2893 8.26104000e-02
2894 7.94568000e-02
2895 7.86762000e-02
2896 7.80607000e-02
2897 7.75560000e-02
2898 7.69738000e-02
2899 7.67566000e-02
2900 8.14779000e-02
2901 8.16003000e-02
2902 8.34575000e-02
2903 8.83396000e-02
2904 8.23191000e-02
2905 8.51339000e-02
2906 8.20457000e-02
2907 8.58970000e-02
2908 8.14952000e-02
2909 8.04374000e-02
2910 7.71785000e-02
2911 8.00744000e-02
2912 8.06810000e-02
2913 7.87956000e-02
2914 7.94384000e-02
2915 8.33798000e-02
2916 8.16694000e-02
2917 7.85841000e-02
2918 7.72934000e-02
2919 7.80715000e-02
2920 7.80112000e-02
2921 7.87902000e-02
2922 7.88188000e-02
2923 8.18279000e-02
2924 8.09874000e-02
2925 8.24164000e-02
2926 8.15328000e-02
2927 8.25961000e-02
2928 7.87657000e-02
2929 7.84103000e-02
2930 8.46805000e-02
2931 8.07018000e-02
2932 7.98085000e-02
2933 7.92528000e-02
2934 7.90160000e-02
2935 7.99802000e-02
2936 7.84723000e-02
2937 7.88186000e-02
2938 7.96211000e-02
2939 8.11048000e-02
2940 7.79923000e-02
2941 7.96706000e-02
2942 8.04665000e-02
2943 7.81607000e-02
2944 8.11025000e-02
2945 7.96249000e-02
2946 7.83509000e-02
2947 8.09974000e-02
2948 8.01314000e-02
2949 8.01160000e-02
2950 7.90978000e-02
2951 7.64889000e-02
2952 8.09016000e-02
2953 7.50606000e-02
2954 7.68448000e-02
2955 7.71943000e-02
2956 7.50648000e-02
2957 7.61911000e-02
2958 7.93345000e-02
2959 7.78453000e-02
2960 7.90233000e-02
2961 8.10822000e-02
2962 8.06944000e-02
2963 7.81042000e-02
2964 7.86981000e-02
2965 8.00317000e-02
2966 7.72784000e-02
2967 7.89921000e-02
2968 8.03348000e-02
2969 7.91737000e-02
2970 8.07214000e-02
2971 7.96524000e-02
2972 7.91833000e-02
2973 7.89236000e-02
2974 7.93615000e-02
2975 7.92291000e-02
2976 7.95148000e-02
2977 8.06617000e-02
2978 8.09150000e-02
2979 8.25196000e-02
2980 8.28326000e-02
2981 8.33056000e-02
2982 8.04908000e-02
2983 7.86400000e-02
2984 8.07132000e-02
2985 8.22199000e-02
2986 7.94572000e-02
2987 8.20093000e-02
2988 8.01983000e-02
2989 7.98022000e-02
2990 8.22484000e-02
2991 8.12494000e-02
2992 7.81286000e-02
2993 8.05200000e-02
2994 7.79926000e-02
2995 8.21276000e-02
2996 7.91017000e-02
2997 8.23983000e-02
2998 8.81310000e-02
2999 8.26155000e-02
3000 8.06270000e-02
3001 7.82276000e-02
3002 8.25002000e-02
3003 7.98527000e-02
3004 8.31263000e-02
3005 8.04624000e-02
3006 7.99480000e-02
3007 8.01024000e-02
3008 7.91539000e-02
3009 8.27644000e-02
3010 8.08191000e-02
3011 7.92827000e-02
3012 8.03186000e-02
3013 7.92630000e-02
3014 7.95004000e-02
3015 8.38907000e-02
3016 7.79831000e-02
3017 7.71817000e-02
3018 7.93564000e-02
3019 7.65651000e-02
3020 7.64651000e-02
3021 8.04844000e-02
3022 8.31148000e-02
3023 8.33303000e-02
3024 7.88514000e-02
3025 7.98837000e-02
3026 7.99979000e-02
3027 7.92223000e-02
3028 7.99689000e-02
3029 7.94998000e-02
3030 7.92413000e-02
3031 8.06596000e-02
3032 8.04219000e-02
3033 7.99817000e-02
3034 8.03628000e-02
3035 7.93823000e-02
3036 8.26863000e-02
3037 7.87427000e-02
3038 7.92426000e-02
3039 7.90435000e-02
3040 8.79774000e-02
3041 7.99960000e-02
3042 8.08324000e-02
3043 7.95219000e-02
3044 7.90912000e-02
3045 7.87442000e-02
3046 7.93727000e-02
3047 7.90541000e-02
3048 7.98848000e-02
3049 7.92536000e-02
3050 7.77553000e-02
3051 8.15734000e-02
3052 8.14833000e-02
3053 8.02480000e-02
3054 8.04620000e-02
3055 8.33775000e-02
3056 7.79599000e-02
3057 8.00873000e-02
3058 8.00603000e-02
3059 8.08797000e-02
3060 8.94954000e-02
3061 7.82154000e-02
3062 8.13927000e-02
3063 7.87746000e-02
3064 8.04515000e-02
3065 7.95480000e-02
3066 7.72329000e-02
3067 8.05475000e-02
3068 7.93735000e-02
3069 8.03113000e-02
3070 7.94417000e-02
3071 7.98836000e-02
3072 7.79667000e-02
3073 7.94914000e-02
3074 7.93555000e-02
3075 7.89792000e-02
3076 8.01853000e-02
3077 7.99841000e-02
3078 8.08753000e-02
3079 7.90858000e-02
3080 8.01790000e-02
3081 7.51593000e-02
3082 7.68427000e-02
3083 7.52201000e-02
3084 7.54538000e-02
3085 7.78095000e-02
3086 7.50436000e-02
3087 7.53826000e-02
3088 7.74283000e-02
3089 8.09288000e-02
3090 7.94960000e-02
3091 7.91953000e-02
3092 7.94218000e-02
3093 8.18074000e-02
3094 7.97646000e-02
3095 8.02055000e-02
3096 8.16283000e-02
3097 7.94680000e-02
3098 8.26574000e-02
3099 7.92228000e-02
3100 8.06286000e-02
3101 7.95829000e-02
3102 8.01152000e-02
3103 7.94518000e-02
3104 7.79706000e-02
3105 8.18894000e-02
3106 7.99689000e-02
3107 7.81319000e-02
3108 7.87859000e-02
3109 7.97815000e-02
3110 7.90557000e-02
3111 7.94087000e-02
3112 8.04656000e-02
3113 7.96203000e-02
3114 7.89530000e-02
3115 8.19092000e-02
3116 8.03380000e-02
3117 7.90836000e-02
3118 8.01951000e-02
3119 8.28547000e-02
3120 7.92813000e-02
3121 8.14277000e-02
3122 7.91722000e-02
3123 7.91363000e-02
3124 8.00180000e-02
3125 7.73664000e-02
3126 8.24150000e-02
3127 7.54021000e-02
3128 8.07618000e-02
3129 7.93685000e-02
3130 7.92432000e-02
3131 7.86252000e-02
3132 7.86764000e-02
3133 8.16550000e-02
3134 7.69642000e-02
3135 7.76989000e-02
3136 7.87768000e-02
3137 8.09088000e-02
3138 9.00809000e-02
3139 8.30934000e-02
3140 8.09369000e-02
3141 8.08551000e-02
3142 8.07720000e-02
3143 8.10584000e-02
3144 7.93787000e-02
3145 7.86834000e-02
3146 7.51517000e-02
3147 7.55840000e-02
3148 7.50002000e-02
3149 7.67304000e-02
3150 7.53981000e-02
3151 7.60314000e-02
3152 7.79350000e-02
3153 8.06334000e-02
3154 8.00072000e-02
3155 7.88715000e-02
3156 8.05909000e-02
3157 7.86630000e-02
3158 8.24406000e-02
3159 7.97206000e-02
3160 7.74142000e-02
3161 7.95940000e-02
3162 7.88870000e-02
3163 7.93444000e-02
3164 7.89869000e-02
3165 7.90792000e-02
3166 8.18927000e-02
3167 7.89557000e-02
3168 8.00311000e-02
3169 7.68388000e-02
3170 7.97033000e-02
3171 7.95345000e-02
3172 7.92836000e-02
3173 7.85888000e-02
3174 7.81708000e-02
3175 8.21641000e-02
3176 7.83540000e-02
3177 8.17114000e-02
3178 8.23828000e-02
3179 7.93758000e-02
3180 7.93593000e-02
3181 7.93011000e-02
3182 7.90979000e-02
3183 7.96325000e-02
3184 7.86984000e-02
3185 7.98240000e-02
3186 8.00972000e-02
3187 7.99462000e-02
3188 8.01465000e-02
3189 7.94635000e-02
3190 8.03383000e-02
3191 8.16588000e-02
3192 8.08078000e-02
3193 8.04703000e-02
3194 8.21123000e-02
3195 7.88232000e-02
3196 7.86927000e-02
3197 8.00963000e-02
3198 7.99697000e-02
3199 8.00650000e-02
3200 7.99764000e-02
3201 7.39763000e-02
3202 1.03903100e-01
3203 8.64319000e-02
3204 8.23606000e-02
3205 7.97576000e-02
3206 8.35548000e-02
3207 7.87177000e-02
3208 7.87547000e-02
3209 8.04694000e-02
3210 7.85023000e-02
3211 7.94064000e-02
3212 7.55882000e-02
3213 7.56796000e-02
3214 7.65301000e-02
3215 7.04710000e-02
3216 7.58738000e-02
3217 7.55867000e-02
3218 7.53364000e-02
3219 8.11209000e-02
3220 7.87139000e-02
3221 8.14837000e-02
3222 7.90885000e-02
3223 7.99979000e-02
3224 7.97988000e-02
3225 7.89645000e-02
3226 7.86695000e-02
3227 7.82397000e-02
3228 7.74006000e-02
3229 7.92672000e-02
3230 7.62540000e-02
3231 8.15883000e-02
3232 7.85557000e-02
3233 7.79993000e-02
3234 8.13107000e-02
3235 7.97058000e-02
3236 7.92985000e-02
3237 7.86596000e-02
3238 7.85325000e-02
3239 7.88461000e-02
3240 7.86358000e-02
3241 8.29897000e-02
3242 7.93470000e-02
3243 8.05291000e-02
3244 8.16660000e-02
3245 8.16049000e-02
3246 8.14789000e-02
3247 7.62871000e-02
3248 8.08354000e-02
3249 7.94650000e-02
3250 8.00104000e-02
3251 8.05102000e-02
3252 7.74863000e-02
3253 7.76787000e-02
3254 7.74984000e-02
3255 7.73767000e-02
3256 8.21906000e-02
3257 8.01477000e-02
3258 7.96110000e-02
3259 7.84431000e-02
3260 7.86086000e-02
3261 8.06654000e-02
3262 7.72343000e-02
3263 8.01597000e-02
3264 7.85111000e-02
3265 7.98362000e-02
3266 8.13734000e-02
3267 7.98560000e-02
3268 7.81917000e-02
3269 8.01422000e-02
3270 7.95636000e-02
3271 8.99467000e-02
3272 7.88272000e-02
3273 8.05706000e-02
3274 7.95105000e-02
3275 7.80772000e-02
3276 7.79544000e-02
3277 7.90034000e-02
3278 7.69718000e-02
3279 7.96811000e-02
3280 7.48856000e-02
3281 7.61663000e-02
3282 7.57334000e-02
3283 7.59116000e-02
3284 7.51423000e-02
3285 7.87362000e-02
3286 7.94139000e-02
3287 7.95032000e-02
3288 7.05264000e-02
3289 6.98775000e-02
3290 7.81301000e-02
3291 7.03034000e-02
3292 7.92063000e-02
3293 8.11401000e-02
3294 7.79936000e-02
3295 8.26674000e-02
3296 8.52958000e-02
3297 8.20651000e-02
3298 8.40483000e-02
3299 8.95943000e-02
3300 8.66814000e-02
3301 8.97724000e-02
3302 9.07392000e-02
3303 8.99612000e-02
3304 8.75735000e-02
3305 9.38271000e-02
3306 8.60707000e-02
3307 8.33558000e-02
3308 7.94616000e-02
3309 7.96594000e-02
3310 8.12525000e-02
3311 7.80324000e-02
3312 8.22143000e-02
3313 8.14366000e-02
3314 8.10260000e-02
3315 8.52205000e-02
3316 8.24186000e-02
3317 7.89434000e-02
3318 8.40239000e-02
3319 7.99923000e-02
3320 8.19947000e-02
3321 8.07446000e-02
3322 8.39834000e-02
3323 9.45213000e-02
3324 8.29848000e-02
3325 8.17250000e-02
3326 8.48302000e-02
3327 8.46857000e-02
3328 8.38852000e-02
3329 8.40994000e-02
3330 8.17304000e-02
3331 8.83648000e-02
3332 8.20507000e-02
3333 8.12078000e-02
3334 8.12750000e-02
3335 8.25392000e-02
3336 9.16392000e-02
3337 9.07337000e-02
3338 8.19835000e-02
3339 8.04028000e-02
3340 8.06472000e-02
3341 7.81025000e-02
3342 8.22447000e-02
3343 7.88735000e-02
3344 7.81710000e-02
3345 7.96301000e-02
3346 7.69301000e-02
3347 8.22338000e-02
3348 8.22450000e-02
3349 8.33184000e-02
3350 8.41096000e-02
3351 8.53656000e-02
3352 8.68064000e-02
3353 8.53016000e-02
3354 8.14193000e-02
3355 8.35951000e-02
3356 7.98240000e-02
3357 8.19117000e-02
3358 8.16171000e-02
3359 8.39090000e-02
3360 7.83430000e-02
3361 8.01065000e-02
3362 8.10664000e-02
3363 8.21519000e-02
3364 8.25371000e-02
3365 8.03571000e-02
3366 8.44064000e-02
3367 8.39606000e-02
3368 8.20760000e-02
3369 8.33841000e-02
3370 8.48580000e-02
3371 7.88721000e-02
3372 7.98096000e-02
3373 8.05528000e-02
3374 8.19353000e-02
3375 8.03039000e-02
3376 8.02788000e-02
3377 8.31043000e-02
3378 8.00593000e-02
3379 8.43254000e-02
3380 8.17914000e-02
3381 7.91964000e-02
3382 8.13319000e-02
3383 8.33297000e-02
3384 7.88793000e-02
3385 8.28658000e-02
3386 7.98230000e-02
3387 8.01248000e-02
3388 7.94003000e-02
3389 8.01403000e-02
3390 7.94634000e-02
3391 7.89168000e-02
3392 7.75410000e-02
3393 7.57356000e-02
3394 7.74357000e-02
3395 7.61842000e-02
3396 7.56333000e-02
3397 8.12389000e-02
3398 7.68988000e-02
3399 7.66648000e-02
3400 8.34256000e-02
3401 7.99101000e-02
3402 7.76439000e-02
3403 7.93433000e-02
3404 7.83400000e-02
3405 7.75628000e-02
3406 7.91242000e-02
3407 7.63934000e-02
3408 7.73523000e-02
3409 7.70115000e-02
3410 7.87948000e-02
3411 8.13862000e-02
3412 7.82374000e-02
3413 8.01595000e-02
3414 8.48757000e-02
3415 8.08952000e-02
3416 8.07950000e-02
3417 8.43135000e-02
3418 7.96240000e-02
3419 7.95329000e-02
3420 8.31318000e-02
3421 7.95794000e-02
3422 7.94908000e-02
3423 8.37113000e-02
3424 8.34674000e-02
3425 8.04805000e-02
3426 9.05876000e-02
3427 8.72134000e-02
3428 8.13975000e-02
3429 8.18566000e-02
3430 8.11200000e-02
3431 8.32007000e-02
3432 8.34067000e-02
3433 8.28170000e-02
3434 8.69917000e-02
3435 8.51808000e-02
3436 8.38718000e-02
3437 8.05215000e-02
3438 8.18329000e-02
3439 8.55346000e-02
3440 9.06304000e-02
3441 8.31970000e-02
3442 8.44446000e-02
3443 8.25781000e-02
3444 7.87009000e-02
3445 8.00276000e-02
3446 8.00439000e-02
3447 7.91686000e-02
3448 8.49622000e-02
3449 8.15520000e-02
3450 8.00790000e-02
3451 8.64370000e-02
3452 8.09836000e-02
3453 8.19327000e-02
3454 8.21219000e-02
3455 8.22319000e-02
3456 8.17398000e-02
3457 8.34081000e-02
3458 8.01355000e-02
3459 8.01749000e-02
3460 8.51966000e-02
3461 8.17987000e-02
3462 8.24884000e-02
3463 8.43474000e-02
3464 7.98521000e-02
3465 8.09623000e-02
3466 8.05298000e-02
3467 8.09818000e-02
3468 7.95275000e-02
3469 7.98421000e-02
3470 8.18596000e-02
3471 8.24210000e-02
3472 8.30999000e-02
3473 8.13066000e-02
3474 7.42641000e-02
3475 8.32440000e-02
3476 7.97078000e-02
3477 8.04315000e-02
3478 8.22225000e-02
3479 7.97727000e-02
3480 8.01869000e-02
3481 8.38759000e-02
3482 8.11626000e-02
3483 8.22238000e-02
3484 8.33653000e-02
3485 8.06159000e-02
3486 8.03816000e-02
3487 8.40620000e-02
3488 8.28080000e-02
3489 8.08410000e-02
3490 8.29372000e-02
3491 7.72342000e-02
3492 7.94396000e-02
3493 8.64010000e-02
3494 8.74092000e-02
3495 8.30039000e-02
3496 8.06153000e-02
3497 8.47248000e-02
3498 8.16455000e-02
3499 8.46897000e-02
3500 8.09445000e-02
3501 9.05297000e-02
3502 8.39308000e-02
3503 8.06526000e-02
3504 8.06158000e-02
3505 8.21204000e-02
3506 8.10451000e-02
3507 8.15776000e-02
3508 8.63206000e-02
3509 8.36462000e-02
3510 8.00427000e-02
3511 8.16435000e-02
3512 7.99111000e-02
3513 8.03281000e-02
3514 8.59737000e-02
3515 8.02190000e-02
3516 7.95937000e-02
3517 8.14509000e-02
3518 8.34471000e-02
3519 8.11505000e-02
3520 8.46138000e-02
3521 8.08335000e-02
3522 8.21074000e-02
3523 8.58065000e-02
3524 8.15772000e-02
3525 7.81908000e-02
3526 8.30921000e-02
3527 8.07021000e-02
3528 8.02300000e-02
3529 8.81289000e-02
3530 9.32041000e-02
3531 8.42706000e-02
3532 7.84478000e-02
3533 7.51381000e-02
3534 7.70439000e-02
3535 7.98290000e-02
3536 7.80490000e-02
3537 7.93130000e-02
3538 8.79735000e-02
3539 8.19952000e-02
3540 8.29959000e-02
3541 8.40569000e-02
3542 8.66749000e-02
3543 7.93565000e-02
3544 8.25839000e-02
3545 8.00098000e-02
3546 8.43192000e-02
3547 8.21460000e-02
3548 8.38602000e-02
3549 8.12212000e-02
3550 8.24088000e-02
3551 8.25106000e-02
3552 8.16450000e-02
3553 8.23079000e-02
3554 8.64114000e-02
3555 7.98036000e-02
3556 8.00727000e-02
3557 8.03262000e-02
3558 8.08057000e-02
3559 8.05763000e-02
3560 8.24708000e-02
3561 8.27672000e-02
3562 8.24748000e-02
3563 8.21343000e-02
3564 8.04103000e-02
3565 8.08279000e-02
3566 8.11625000e-02
3567 8.44465000e-02
3568 8.06047000e-02
3569 8.23522000e-02
3570 8.55121000e-02
3571 8.10788000e-02
3572 8.02400000e-02
3573 8.45708000e-02
3574 7.97714000e-02
3575 8.12968000e-02
3576 8.22838000e-02
3577 8.14951000e-02
3578 8.00918000e-02
3579 8.16681000e-02
3580 7.98340000e-02
3581 7.95776000e-02
3582 7.91196000e-02
3583 8.04525000e-02
3584 7.95013000e-02
3585 8.37569000e-02
3586 8.05054000e-02
3587 8.13842000e-02
3588 8.16484000e-02
3589 7.89871000e-02
3590 7.92265000e-02
3591 9.10712000e-02
3592 8.65157000e-02
3593 8.41008000e-02
3594 8.24380000e-02
3595 7.91292000e-02
3596 7.63399000e-02
3597 8.17569000e-02
3598 7.65600000e-02
3599 7.93302000e-02
3600 7.83475000e-02
3601 7.91119000e-02
3602 7.76139000e-02
3603 8.08775000e-02
3604 8.16196000e-02
3605 7.99190000e-02
3606 8.17939000e-02
3607 8.05323000e-02
3608 8.03118000e-02
3609 7.85979000e-02
3610 8.18359000e-02
3611 7.92089000e-02
3612 8.01609000e-02
3613 8.50013000e-02
3614 7.95093000e-02
3615 8.02231000e-02
3616 8.25241000e-02
3617 8.07319000e-02
3618 8.16961000e-02
3619 8.21396000e-02
3620 8.02265000e-02
3621 7.94982000e-02
3622 8.25915000e-02
3623 7.97184000e-02
3624 7.89705000e-02
3625 8.13578000e-02
3626 7.80517000e-02
3627 8.10320000e-02
3628 8.10712000e-02
3629 8.13779000e-02
3630 7.79518000e-02
3631 7.88597000e-02
3632 8.18556000e-02
3633 8.26497000e-02
3634 8.10856000e-02
3635 8.25918000e-02
3636 8.24214000e-02
3637 8.39265000e-02
3638 8.47771000e-02
3639 8.00113000e-02
3640 8.02378000e-02
3641 8.26708000e-02
3642 8.61166000e-02
3643 8.19389000e-02
3644 8.41039000e-02
3645 8.27042000e-02
3646 7.68615000e-02
3647 8.73628000e-02
3648 8.72246000e-02
3649 8.63137000e-02
3650 8.05262000e-02
3651 8.17131000e-02
3652 8.76684000e-02
3653 8.97385000e-02
3654 8.54548000e-02
3655 9.78570000e-02
3656 8.50956000e-02
3657 8.28875000e-02
3658 8.60927000e-02
3659 8.17138000e-02
3660 8.35756000e-02
3661 9.20708000e-02
3662 8.41874000e-02
3663 9.06553000e-02
3664 8.12525000e-02
3665 8.08417000e-02
3666 8.22678000e-02
3667 8.09270000e-02
3668 8.20028000e-02
3669 8.08439000e-02
3670 8.24324000e-02
3671 8.43996000e-02
3672 8.18570000e-02
3673 8.44860000e-02
3674 8.62237000e-02
3675 8.54869000e-02
3676 8.42582000e-02
3677 8.60255000e-02
3678 8.17488000e-02
3679 8.01155000e-02
3680 8.01202000e-02
3681 7.86602000e-02
3682 8.21162000e-02
3683 8.37610000e-02
3684 8.31458000e-02
3685 8.27194000e-02
3686 8.11804000e-02
3687 8.25842000e-02
3688 8.12225000e-02
3689 7.89732000e-02
3690 8.10510000e-02
3691 7.97033000e-02
3692 8.27345000e-02
3693 8.36419000e-02
3694 8.61565000e-02
3695 8.35585000e-02
3696 8.84602000e-02
3697 8.44763000e-02
3698 8.36870000e-02
3699 8.93454000e-02
3700 8.64428000e-02
3701 7.94199000e-02
3702 8.30145000e-02
3703 7.93848000e-02
3704 8.20887000e-02
3705 8.42336000e-02
3706 8.29354000e-02
3707 8.33955000e-02
3708 8.13321000e-02
3709 8.28704000e-02
3710 8.67144000e-02
3711 9.05396000e-02
3712 8.90623000e-02
3713 8.49375000e-02
3714 8.31505000e-02
3715 8.26641000e-02
3716 8.01521000e-02
3717 8.15638000e-02
3718 8.33652000e-02
3719 8.17000000e-02
3720 8.22252000e-02
3721 8.19285000e-02
3722 8.26479000e-02
3723 8.10061000e-02
3724 7.89944000e-02
3725 8.17282000e-02
3726 8.15426000e-02
3727 8.13925000e-02
3728 8.03655000e-02
3729 8.30366000e-02
3730 8.84714000e-02
3731 9.23693000e-02
3732 8.69883000e-02
3733 8.73898000e-02
3734 8.52894000e-02
3735 8.28739000e-02
3736 7.97588000e-02
3737 8.23628000e-02
3738 7.83116000e-02
3739 9.03547000e-02
3740 8.08130000e-02
3741 8.03629000e-02
3742 8.75760000e-02
3743 8.72858000e-02
3744 8.28269000e-02
3745 8.05255000e-02
3746 8.27045000e-02
3747 7.99028000e-02
3748 7.88224000e-02
3749 8.08659000e-02
3750 7.94848000e-02
3751 8.01322000e-02
3752 8.33616000e-02
3753 8.82937000e-02
3754 8.72284000e-02
3755 8.34580000e-02
3756 8.86994000e-02
3757 8.53911000e-02
3758 8.20671000e-02
3759 7.92574000e-02
3760 7.74876000e-02
3761 7.81480000e-02
3762 7.79209000e-02
3763 7.95938000e-02
3764 7.97627000e-02
3765 8.08299000e-02
3766 7.98619000e-02
3767 7.87290000e-02
3768 7.78547000e-02
3769 7.97559000e-02
3770 7.96064000e-02
3771 8.06204000e-02
3772 8.47547000e-02
3773 8.38312000e-02
3774 8.09704000e-02
3775 8.29786000e-02
3776 8.83258000e-02
3777 8.34588000e-02
3778 7.96280000e-02
3779 8.20869000e-02
3780 8.24792000e-02
3781 8.33458000e-02
3782 7.97181000e-02
3783 8.71970000e-02
3784 8.40462000e-02
3785 8.11911000e-02
3786 7.50413000e-02
3787 7.83058000e-02
3788 7.34338000e-02
3789 7.52259000e-02
3790 7.96923000e-02
3791 8.14317000e-02
3792 8.17344000e-02
3793 7.98547000e-02
3794 7.92867000e-02
3795 7.90329000e-02
3796 7.97567000e-02
3797 8.00826000e-02
3798 7.88277000e-02
3799 8.26384000e-02
3800 7.93120000e-02
3801 8.07366000e-02
3802 7.93715000e-02
3803 8.27446000e-02
3804 8.07802000e-02
3805 8.04081000e-02
3806 8.09948000e-02
3807 7.97061000e-02
3808 7.81172000e-02
3809 7.68835000e-02
3810 7.87399000e-02
3811 7.89640000e-02
3812 7.93286000e-02
3813 8.09087000e-02
3814 7.84083000e-02
3815 7.94731000e-02
3816 8.28876000e-02
3817 7.90923000e-02
3818 7.96475000e-02
3819 7.91277000e-02
3820 7.90119000e-02
3821 8.10191000e-02
3822 8.10959000e-02
3823 8.03823000e-02
3824 8.00418000e-02
3825 7.94111000e-02
3826 7.70810000e-02
3827 7.96149000e-02
3828 7.95430000e-02
3829 8.13998000e-02
3830 7.96777000e-02
3831 8.04033000e-02
3832 7.83269000e-02
3833 8.00890000e-02
3834 8.22140000e-02
3835 7.81575000e-02
3836 8.01846000e-02
3837 7.85204000e-02
3838 7.78408000e-02
3839 7.81524000e-02
3840 7.93204000e-02
3841 8.15550000e-02
3842 7.78502000e-02
3843 7.83256000e-02
3844 8.09069000e-02
3845 7.87451000e-02
3846 7.91657000e-02
3847 7.80629000e-02
3848 7.78288000e-02
3849 7.98170000e-02
3850 7.86090000e-02
3851 7.43065000e-02
3852 7.49301000e-02
3853 7.34217000e-02
3854 7.71938000e-02
3855 7.58930000e-02
3856 7.60772000e-02
3857 7.70197000e-02
3858 7.97985000e-02
3859 7.69337000e-02
3860 7.89455000e-02
3861 7.73919000e-02
3862 8.00214000e-02
3863 7.82401000e-02
3864 7.94312000e-02
3865 7.97749000e-02
3866 7.90962000e-02
3867 8.04487000e-02
3868 7.98086000e-02
3869 7.99337000e-02
3870 7.83396000e-02
3871 7.66247000e-02
3872 7.79158000e-02
3873 8.01592000e-02
3874 7.86055000e-02
3875 7.82265000e-02
3876 7.58945000e-02
3877 8.19145000e-02
3878 7.80622000e-02
3879 7.78078000e-02
3880 7.84928000e-02
3881 7.80994000e-02
3882 8.40378000e-02
3883 9.26318000e-02
3884 7.94018000e-02
3885 7.79947000e-02
3886 7.71104000e-02
3887 7.68516000e-02
3888 7.98801000e-02
3889 7.72933000e-02
3890 7.89541000e-02
3891 7.82705000e-02
3892 8.06583000e-02
3893 7.81121000e-02
3894 7.85506000e-02
3895 7.94478000e-02
3896 8.04059000e-02
3897 7.82129000e-02
3898 7.75744000e-02
3899 7.88527000e-02
3900 7.89668000e-02
3901 7.80345000e-02
3902 7.82874000e-02
3903 7.88686000e-02
3904 7.99123000e-02
3905 8.19767000e-02
3906 7.90595000e-02
3907 7.95500000e-02
3908 7.95414000e-02
3909 8.07134000e-02
3910 8.02290000e-02
3911 8.16903000e-02
3912 7.97956000e-02
3913 8.14681000e-02
3914 8.16080000e-02
3915 8.29429000e-02
3916 8.14985000e-02
3917 8.33767000e-02
3918 7.70742000e-02
3919 7.48056000e-02
3920 7.60063000e-02
3921 7.35010000e-02
3922 8.16466000e-02
3923 8.87448000e-02
3924 9.24393000e-02
3925 9.04973000e-02
3926 8.33336000e-02
3927 9.08033000e-02
3928 8.49520000e-02
3929 7.89533000e-02
3930 7.71851000e-02
3931 7.73258000e-02
3932 7.62568000e-02
3933 7.58721000e-02
3934 7.44958000e-02
3935 8.11830000e-02
3936 7.46996000e-02
3937 7.59377000e-02
3938 7.62384000e-02
3939 7.39931000e-02
3940 7.65630000e-02
3941 7.63984000e-02
3942 8.26872000e-02
3943 8.09208000e-02
3944 7.67385000e-02
3945 7.60164000e-02
3946 7.56761000e-02
3947 7.48740000e-02
3948 7.51583000e-02
3949 7.63694000e-02
3950 7.48730000e-02
3951 7.45977000e-02
3952 7.73753000e-02
3953 7.58828000e-02
3954 7.47605000e-02
3955 7.67028000e-02
3956 7.47923000e-02
3957 8.05020000e-02
3958 7.80635000e-02
3959 7.45592000e-02
3960 7.82785000e-02
3961 7.55140000e-02
3962 7.75448000e-02
3963 7.91342000e-02
3964 7.62531000e-02
3965 7.57041000e-02
3966 7.36364000e-02
3967 7.33198000e-02
3968 8.10217000e-02
3969 7.80014000e-02
3970 7.92258000e-02
3971 8.22916000e-02
3972 7.62497000e-02
3973 7.51623000e-02
3974 7.61756000e-02
3975 8.01259000e-02
3976 8.43327000e-02
3977 8.81679000e-02
3978 7.90108000e-02
3979 7.72787000e-02
3980 7.59877000e-02
3981 8.43289000e-02
3982 7.92455000e-02
3983 8.31864000e-02
3984 9.43669000e-02
3985 8.36137000e-02
3986 8.54584000e-02
3987 8.32767000e-02
3988 8.30265000e-02
3989 8.08097000e-02
3990 8.20366000e-02
3991 9.52931000e-02
3992 8.17229000e-02
3993 8.80983000e-02
3994 8.76205000e-02
3995 8.37714000e-02
3996 8.10812000e-02
3997 7.79444000e-02
3998 8.05464000e-02
3999 9.07661000e-02
4000 8.45252000e-02
4001 8.27184000e-02
4002 8.06240000e-02
4003 8.42614000e-02
4004 8.67200000e-02
4005 8.76507000e-02
4006 8.55514000e-02
4007 8.76723000e-02
4008 8.54474000e-02
4009 8.53167000e-02
4010 8.52287000e-02
4011 8.70619000e-02
4012 8.63343000e-02
4013 8.46442000e-02
4014 8.44312000e-02
4015 8.05899000e-02
4016 8.91393000e-02
4017 8.38697000e-02
4018 8.44159000e-02
4019 8.35871000e-02
4020 8.31416000e-02
4021 8.00536000e-02
4022 8.26433000e-02
4023 8.73070000e-02
4024 8.51875000e-02
4025 8.68919000e-02
4026 8.45052000e-02
4027 8.62242000e-02
4028 9.19554000e-02
4029 9.07829000e-02
4030 8.50608000e-02
4031 8.54663000e-02
4032 8.43352000e-02
4033 8.37862000e-02
4034 8.78206000e-02
4035 8.72264000e-02
4036 8.62145000e-02
4037 8.98448000e-02
4038 9.20716000e-02
4039 9.05113000e-02
4040 9.23800000e-02
4041 8.98217000e-02
4042 9.06423000e-02
4043 9.24053000e-02
4044 8.64702000e-02
4045 8.37158000e-02
4046 8.12754000e-02
4047 8.31595000e-02
4048 8.40166000e-02
4049 8.34301000e-02
4050 8.16674000e-02
4051 8.61099000e-02
4052 8.05017000e-02
4053 7.57167000e-02
4054 7.58851000e-02
4055 7.62309000e-02
4056 9.16983000e-02
4057 8.32937000e-02
4058 1.01816800e-01
4059 8.67647000e-02
4060 9.01788000e-02
4061 8.80183000e-02
4062 8.55234000e-02
4063 9.03815000e-02
4064 9.38841000e-02
4065 9.68083000e-02
4066 9.36522000e-02
4067 8.79867000e-02
4068 8.07926000e-02
4069 7.85337000e-02
4070 7.78690000e-02
4071 7.71101000e-02
4072 7.88512000e-02
4073 8.02862000e-02
4074 8.76444000e-02
4075 8.93389000e-02
4076 8.40523000e-02
4077 8.86835000e-02
4078 8.52147000e-02
4079 8.01005000e-02
4080 8.19904000e-02
4081 8.16943000e-02
4082 8.51591000e-02
4083 8.51796000e-02
4084 8.24940000e-02
4085 8.19042000e-02
4086 8.38762000e-02
4087 8.44393000e-02
4088 8.91393000e-02
4089 8.69348000e-02
4090 8.61120000e-02
4091 8.36179000e-02
4092 8.29280000e-02
4093 8.34147000e-02
4094 8.27821000e-02
4095 8.30037000e-02
4096 8.40658000e-02
4097 8.24667000e-02
4098 8.45396000e-02
4099 8.35582000e-02
4100 8.25976000e-02
4101 8.44950000e-02
4102 9.31181000e-02
4103 9.31881000e-02
4104 9.32567000e-02
4105 9.44296000e-02
4106 9.25561000e-02
4107 8.73786000e-02
4108 8.74887000e-02
4109 8.67853000e-02
4110 8.45341000e-02
4111 8.42022000e-02
4112 8.55590000e-02
4113 8.26446000e-02
4114 8.30636000e-02
4115 8.46605000e-02
4116 8.47358000e-02
4117 8.36908000e-02
4118 8.53090000e-02
4119 8.35528000e-02
4120 8.48942000e-02
4121 8.43828000e-02
4122 8.45659000e-02
4123 8.99081000e-02
4124 8.39906000e-02
4125 8.25626000e-02
4126 8.14099000e-02
4127 8.14976000e-02
4128 8.38679000e-02
4129 8.17729000e-02
4130 8.52409000e-02
4131 8.21935000e-02
4132 8.21246000e-02
4133 8.73363000e-02
4134 8.69243000e-02
4135 8.42099000e-02
4136 8.39328000e-02
4137 8.80566000e-02
4138 8.76324000e-02
4139 8.71418000e-02
4140 8.55638000e-02
4141 8.36535000e-02
4142 8.41697000e-02
4143 8.19259000e-02
4144 8.07005000e-02
4145 8.66192000e-02
4146 8.45101000e-02
4147 8.60951000e-02
4148 8.54617000e-02
4149 8.14363000e-02
4150 8.05722000e-02
4151 8.14349000e-02
4152 8.20971000e-02
4153 8.17209000e-02
4154 8.21589000e-02
4155 8.32257000e-02
4156 8.11578000e-02
4157 8.49127000e-02
4158 8.19127000e-02
4159 8.47547000e-02
4160 8.24870000e-02
4161 8.34209000e-02
4162 8.28256000e-02
4163 8.22217000e-02
4164 8.21117000e-02
4165 8.28872000e-02
4166 8.11953000e-02
4167 8.24699000e-02
4168 8.17438000e-02
4169 8.37781000e-02
4170 8.29435000e-02
4171 8.42473000e-02
4172 8.47706000e-02
4173 8.42449000e-02
4174 8.27339000e-02
4175 7.50139000e-02
4176 7.11804000e-02
4177 7.41417000e-02
4178 7.40045000e-02
4179 7.18092000e-02
4180 8.10375000e-02
4181 6.98160000e-02
4182 1.07502200e-01
4183 1.16170200e-01
4184 1.29191200e-01
4185 9.37454000e-02
4186 7.64260000e-02
4187 6.98325000e-02
4188 7.49368000e-02
4189 7.00118000e-02
4190 7.03654000e-02
4191 6.61518000e-02
4192 7.10868000e-02
4193 7.06730000e-02
4194 6.96280000e-02
4195 6.62032000e-02
4196 6.71135000e-02
4197 6.87266000e-02
4198 6.96671000e-02
4199 6.66330000e-02
4200 6.57751000e-02
4201 6.69781000e-02
4202 7.57308000e-02
4203 7.71293000e-02
4204 6.82296000e-02
4205 6.61123000e-02
4206 7.41787000e-02
4207 7.86797000e-02
4208 7.22914000e-02
4209 6.80090000e-02
4210 6.98777000e-02
4211 6.80631000e-02
4212 1.14310000e-01
4213 1.52667400e-01
4214 7.81541000e-02
4215 6.76885000e-02
4216 6.58942000e-02
4217 6.63239000e-02
4218 6.79917000e-02
4219 6.76464000e-02
4220 6.71498000e-02
4221 6.72461000e-02
4222 6.58271000e-02
4223 6.88354000e-02
4224 7.27171000e-02
4225 6.93649000e-02
4226 6.93584000e-02
4227 6.93665000e-02
4228 6.95606000e-02
4229 6.88865000e-02
4230 7.09412000e-02
4231 7.02817000e-02
4232 7.19875000e-02
4233 6.90726000e-02
4234 6.99464000e-02
4235 7.73320000e-02
4236 7.92872000e-02
4237 7.91609000e-02
4238 7.99441000e-02
4239 8.10632000e-02
4240 8.54897000e-02
4241 7.69950000e-02
4242 7.18337000e-02
4243 7.56331000e-02
4244 7.49574000e-02
4245 7.55256000e-02
4246 8.21178000e-02
4247 7.58501000e-02
4248 8.12869000e-02
4249 7.66739000e-02
4250 7.23899000e-02
4251 7.11307000e-02
4252 7.50175000e-02
4253 7.24545000e-02
4254 7.49123000e-02
4255 6.96848000e-02
4256 7.09143000e-02
4257 7.27850000e-02
4258 6.92848000e-02
4259 6.81513000e-02
4260 6.75917000e-02
4261 7.20263000e-02
4262 7.70012000e-02
4263 8.21257000e-02
4264 9.03191000e-02
4265 1.14810600e-01
4266 1.22078000e-01
4267 1.15792600e-01
4268 1.07716600e-01
4269 9.40983000e-02
4270 9.35199000e-02
4271 9.40919000e-02
4272 9.73687000e-02
4273 9.55522000e-02
4274 9.92267000e-02
4275 9.04286000e-02
4276 9.18264000e-02
4277 9.31810000e-02
4278 9.03550000e-02
4279 8.90132000e-02
4280 9.23548000e-02
4281 9.15517000e-02
4282 9.04444000e-02
4283 9.26665000e-02
4284 9.46735000e-02
4285 9.72000000e-02
4286 9.57386000e-02
4287 9.41582000e-02
4288 9.11793000e-02
4289 9.61550000e-02
4290 8.91476000e-02
4291 9.06804000e-02
4292 1.00576900e-01
4293 1.00844700e-01
4294 9.13431000e-02
4295 9.43246000e-02
4296 9.19830000e-02
4297 9.29784000e-02
4298 9.25806000e-02
4299 9.32890000e-02
4300 9.60838000e-02
4301 9.91425000e-02
4302 9.59537000e-02
4303 9.64618000e-02
4304 9.69545000e-02
4305 8.92228000e-02
4306 9.53518000e-02
4307 9.22489000e-02
4308 9.63492000e-02
4309 9.71427000e-02
4310 9.35226000e-02
4311 9.65681000e-02
4312 9.60159000e-02
4313 9.16096000e-02
4314 9.80208000e-02
4315 9.19263000e-02
4316 9.15986000e-02
4317 9.55188000e-02
4318 9.22491000e-02
4319 8.84884000e-02
4320 9.22023000e-02
4321 9.39848000e-02
4322 8.22438000e-02
4323 9.61824000e-02
4324 9.11045000e-02
4325 9.43980000e-02
4326 1.00448300e-01
4327 9.70676000e-02
4328 9.15507000e-02
4329 9.09773000e-02
4330 9.11067000e-02
4331 9.15090000e-02
4332 9.52367000e-02
4333 9.03567000e-02
4334 9.29971000e-02
4335 9.16424000e-02
4336 9.35368000e-02
4337 9.38516000e-02
4338 9.26440000e-02
4339 9.05542000e-02
4340 9.84041000e-02
4341 9.21658000e-02
4342 8.97555000e-02
4343 9.15277000e-02
4344 8.87696000e-02
4345 9.33939000e-02
4346 9.13731000e-02
4347 9.79505000e-02
4348 9.34675000e-02
4349 9.55117000e-02
4350 9.56483000e-02
4351 9.50144000e-02
4352 9.25672000e-02
4353 8.76377000e-02
4354 9.39299000e-02
4355 9.34448000e-02
4356 9.77767000e-02
4357 9.34989000e-02
4358 9.63369000e-02
4359 1.01737100e-01
4360 9.86268000e-02
4361 9.47436000e-02
4362 9.41785000e-02
4363 9.20816000e-02
4364 8.85372000e-02
4365 9.55436000e-02
4366 8.88389000e-02
4367 8.86098000e-02
4368 1.02410600e-01
4369 1.03768500e-01
4370 9.71945000e-02
4371 1.00561100e-01
4372 9.39828000e-02
4373 9.47623000e-02
4374 9.49384000e-02
4375 9.31531000e-02
4376 9.49126000e-02
4377 9.21831000e-02
4378 1.05462600e-01
4379 1.00121100e-01
4380 9.94420000e-02
4381 9.82320000e-02
4382 9.24729000e-02
4383 8.28941000e-02
4384 9.00733000e-02
4385 8.33884000e-02
4386 8.20224000e-02
4387 8.13300000e-02
4388 8.28117000e-02
4389 8.19443000e-02
4390 8.20974000e-02
4391 8.13689000e-02
4392 8.51546000e-02
4393 8.16567000e-02
4394 8.21790000e-02
4395 8.24134000e-02
4396 7.98829000e-02
4397 8.22428000e-02
4398 8.10575000e-02
4399 9.22003000e-02
4400 1.00765900e-01
4401 8.85845000e-02
4402 7.88162000e-02
4403 8.12055000e-02
4404 9.14281000e-02
4405 8.07685000e-02
4406 8.13423000e-02
4407 8.10572000e-02
4408 7.95097000e-02
4409 8.39721000e-02
4410 8.24096000e-02
4411 8.02592000e-02
4412 8.22244000e-02
4413 8.38203000e-02
4414 7.96440000e-02
4415 8.38031000e-02
4416 8.18977000e-02
4417 8.16241000e-02
4418 8.21348000e-02
4419 8.89396000e-02
4420 8.35957000e-02
4421 8.33729000e-02
4422 8.24628000e-02
4423 8.33010000e-02
4424 8.22546000e-02
4425 8.37814000e-02
4426 8.45660000e-02
4427 8.25535000e-02
4428 8.31394000e-02
4429 8.20589000e-02
4430 8.38197000e-02
4431 8.24054000e-02
4432 8.34756000e-02
4433 8.09329000e-02
4434 8.24144000e-02
4435 8.18471000e-02
4436 8.21675000e-02
4437 7.70851000e-02
4438 8.47318000e-02
4439 8.33261000e-02
4440 8.16705000e-02
4441 8.28134000e-02
4442 8.32098000e-02
4443 7.94863000e-02
4444 8.02020000e-02
4445 8.14607000e-02
4446 7.94380000e-02
4447 7.98421000e-02
4448 8.08970000e-02
4449 7.95544000e-02
4450 8.39453000e-02
4451 8.42107000e-02
4452 8.00160000e-02
4453 8.21911000e-02
4454 8.24168000e-02
4455 9.88853000e-02
4456 9.71383000e-02
4457 9.62269000e-02
4458 8.29016000e-02
4459 7.94807000e-02
4460 8.08012000e-02
4461 7.92270000e-02
4462 8.30975000e-02
4463 8.22862000e-02
4464 8.14386000e-02
4465 8.14160000e-02
4466 8.30952000e-02
4467 7.91265000e-02
4468 8.31921000e-02
4469 8.34970000e-02
4470 7.95051000e-02
4471 8.42266000e-02
4472 8.08971000e-02
4473 8.11505000e-02
4474 8.51922000e-02
4475 8.49550000e-02
4476 8.34982000e-02
4477 8.22345000e-02
4478 8.92803000e-02
4479 8.13976000e-02
4480 8.08617000e-02
4481 8.07299000e-02
4482 8.13825000e-02
4483 7.98684000e-02
4484 8.01197000e-02
4485 8.38154000e-02
4486 8.34781000e-02
4487 7.91740000e-02
4488 8.15284000e-02
4489 8.09354000e-02
4490 8.02046000e-02
4491 8.15898000e-02
4492 8.32927000e-02
4493 8.13923000e-02
4494 8.31323000e-02
4495 8.15203000e-02
4496 7.98484000e-02
4497 8.10462000e-02
4498 8.41376000e-02
4499 7.98670000e-02
4500 8.39776000e-02
4501 1.00620500e-01
4502 9.47032000e-02
4503 1.05888900e-01
4504 9.52004000e-02
4505 9.76632000e-02
4506 8.92007000e-02
4507 7.86321000e-02
4508 8.20781000e-02
4509 8.37743000e-02
4510 8.36698000e-02
4511 8.34940000e-02
4512 8.31855000e-02
4513 7.92571000e-02
4514 8.19114000e-02
4515 8.22219000e-02
4516 8.04998000e-02
4517 8.42599000e-02
4518 8.41746000e-02
4519 8.25191000e-02
4520 8.13649000e-02
4521 8.31787000e-02
4522 8.63636000e-02
4523 8.15037000e-02
4524 8.35952000e-02
4525 8.14696000e-02
4526 8.10558000e-02
4527 8.15013000e-02
4528 8.06296000e-02
4529 8.27287000e-02
4530 8.47045000e-02
4531 7.97573000e-02
4532 8.09830000e-02
4533 8.43960000e-02
4534 8.38014000e-02
4535 8.06708000e-02
4536 8.21872000e-02
4537 7.91743000e-02
4538 7.98633000e-02
4539 8.11527000e-02
4540 8.15768000e-02
4541 8.09957000e-02
4542 8.09971000e-02
4543 7.96370000e-02
4544 8.14547000e-02
4545 8.39948000e-02
4546 8.34251000e-02
4547 8.21046000e-02
4548 8.29230000e-02
4549 7.93693000e-02
4550 7.95542000e-02
4551 7.92943000e-02
4552 8.14954000e-02
4553 8.15933000e-02
4554 8.04421000e-02
4555 8.58969000e-02
4556 8.42060000e-02
4557 9.48239000e-02
4558 8.84244000e-02
4559 8.21197000e-02
4560 8.41999000e-02
4561 8.23382000e-02
4562 8.63863000e-02
4563 8.15702000e-02
4564 8.43291000e-02
4565 9.08753000e-02
4566 8.17907000e-02
4567 8.87125000e-02
4568 8.05190000e-02
4569 8.19226000e-02
4570 8.56704000e-02
4571 8.01257000e-02
4572 8.39621000e-02
4573 8.18438000e-02
4574 8.17256000e-02
4575 8.15295000e-02
4576 7.97459000e-02
4577 8.08413000e-02
4578 8.36042000e-02
4579 8.10979000e-02
4580 8.75356000e-02
4581 8.28518000e-02
4582 8.58421000e-02
4583 8.67172000e-02
4584 8.44623000e-02
4585 8.14102000e-02
4586 7.90431000e-02
4587 8.15183000e-02
4588 8.62409000e-02
4589 8.02463000e-02
4590 8.20109000e-02
4591 8.81010000e-02
4592 8.04008000e-02
4593 8.03543000e-02
4594 8.39565000e-02
4595 8.21105000e-02
4596 8.56782000e-02
4597 8.04482000e-02
4598 8.50495000e-02
4599 8.21236000e-02
4600 8.01512000e-02
4601 8.22917000e-02
4602 8.08710000e-02
4603 8.23470000e-02
4604 1.01841200e-01
4605 1.18918600e-01
4606 8.81276000e-02
4607 1.26079100e-01
4608 8.93870000e-02
4609 8.78392000e-02
4610 7.81504000e-02
4611 8.26898000e-02
4612 8.54073000e-02
4613 8.07910000e-02
4614 8.19103000e-02
4615 8.15364000e-02
4616 7.95773000e-02
4617 8.63543000e-02
4618 8.22515000e-02
4619 8.00554000e-02
4620 8.19323000e-02
4621 8.24016000e-02
4622 8.06136000e-02
4623 8.27702000e-02
4624 8.30258000e-02
4625 8.13917000e-02
4626 9.89913000e-02
4627 9.85074000e-02
4628 8.87031000e-02
4629 9.88008000e-02
4630 8.66895000e-02
4631 8.39507000e-02
4632 9.68303000e-02
4633 7.89036000e-02
4634 7.97671000e-02
4635 8.90639000e-02
4636 9.37504000e-02
4637 9.19442000e-02
4638 8.82369000e-02
4639 8.97926000e-02
4640 9.78579000e-02
4641 9.37520000e-02
4642 8.89424000e-02
4643 9.63505000e-02
4644 9.54321000e-02
4645 9.02741000e-02
4646 8.85010000e-02
4647 8.66107000e-02
4648 9.10976000e-02
4649 9.62761000e-02
4650 9.17355000e-02
4651 9.33994000e-02
4652 9.05614000e-02
4653 8.56071000e-02
4654 8.22552000e-02
4655 8.18745000e-02
4656 8.08007000e-02
4657 8.31105000e-02
4658 8.56708000e-02
4659 8.83506000e-02
4660 8.73483000e-02
4661 8.89630000e-02
4662 8.23096000e-02
4663 8.76970000e-02
4664 8.34414000e-02
4665 8.97394000e-02
4666 9.11789000e-02
4667 9.03556000e-02
4668 8.43337000e-02
4669 9.46082000e-02
4670 8.96438000e-02
4671 8.40802000e-02
4672 9.17267000e-02
4673 9.42378000e-02
4674 8.33480000e-02
4675 8.17513000e-02
4676 8.42172000e-02
4677 9.18152000e-02
4678 8.65662000e-02
4679 8.05459000e-02
4680 9.29836000e-02
4681 9.13425000e-02
4682 8.25909000e-02
4683 8.81552000e-02
4684 9.01536000e-02
4685 9.04394000e-02
4686 8.21530000e-02
4687 9.04174000e-02
4688 9.12547000e-02
4689 7.92708000e-02
4690 9.43303000e-02
4691 9.40338000e-02
4692 9.89355000e-02
4693 8.42325000e-02
4694 8.19349000e-02
4695 8.35517000e-02
4696 9.40140000e-02
4697 9.60642000e-02
4698 8.80738000e-02
4699 8.99943000e-02
4700 8.96979000e-02
4701 9.34749000e-02
4702 9.24793000e-02
4703 8.97769000e-02
4704 8.25559000e-02
4705 8.72832000e-02
4706 9.50545000e-02
4707 8.69287000e-02
4708 8.58545000e-02
4709 9.14650000e-02
4710 9.03614000e-02
4711 8.24884000e-02
4712 8.08632000e-02
4713 8.34488000e-02
4714 9.16289000e-02
4715 9.34763000e-02
4716 8.79732000e-02
4717 8.98241000e-02
4718 8.30800000e-02
4719 8.71459000e-02
4720 8.27727000e-02
4721 8.08886000e-02
4722 8.10777000e-02
4723 8.22002000e-02
4724 7.94952000e-02
4725 8.48025000e-02
4726 8.61099000e-02
4727 7.95789000e-02
4728 8.15042000e-02
4729 8.14005000e-02
4730 8.03484000e-02
4731 8.52767000e-02
4732 8.27710000e-02
4733 8.17146000e-02
4734 8.46435000e-02
4735 8.21280000e-02
4736 7.96721000e-02
4737 8.86143000e-02
4738 8.20466000e-02
4739 8.28972000e-02
4740 8.06755000e-02
4741 9.41115000e-02
4742 8.83005000e-02
4743 9.12573000e-02
4744 8.67940000e-02
4745 8.41328000e-02
4746 8.50341000e-02
4747 8.05019000e-02
4748 8.21329000e-02
4749 8.04804000e-02
4750 8.24351000e-02
4751 8.18437000e-02
4752 8.13404000e-02
4753 8.22001000e-02
4754 8.20464000e-02
4755 8.53050000e-02
4756 8.15873000e-02
4757 8.24796000e-02
4758 8.42717000e-02
4759 8.59210000e-02
4760 8.44281000e-02
4761 8.11815000e-02
4762 8.07856000e-02
4763 8.27040000e-02
4764 8.56692000e-02
4765 7.90445000e-02
4766 8.36997000e-02
4767 9.84570000e-02
4768 8.86419000e-02
4769 8.40604000e-02
4770 8.19088000e-02
4771 8.04843000e-02
4772 8.11210000e-02
4773 8.23425000e-02
4774 8.32425000e-02
4775 8.31256000e-02
4776 8.09156000e-02
4777 8.08266000e-02
4778 7.97444000e-02
4779 8.40160000e-02
4780 8.33703000e-02
4781 8.23359000e-02
4782 8.24256000e-02
4783 8.27629000e-02
4784 8.45520000e-02
4785 8.01524000e-02
4786 9.62395000e-02
4787 9.52353000e-02
4788 8.77840000e-02
4789 9.16254000e-02
4790 9.51195000e-02
4791 8.94574000e-02
4792 1.02266600e-01
4793 9.31189000e-02
4794 9.49911000e-02
4795 9.31811000e-02
4796 9.23499000e-02
4797 8.30907000e-02
4798 8.55718000e-02
4799 8.36287000e-02
4800 8.19473000e-02
4801 8.97176000e-02
4802 1.02677100e-01
4803 9.39442000e-02
4804 1.03234300e-01
4805 9.45203000e-02
4806 9.45351000e-02
4807 9.02257000e-02
4808 8.89284000e-02
4809 9.01949000e-02
4810 8.78962000e-02
4811 8.08934000e-02
4812 8.02645000e-02
4813 8.89134000e-02
4814 8.97020000e-02
4815 9.09704000e-02
4816 8.91055000e-02
4817 7.96482000e-02
4818 8.37170000e-02
4819 9.18449000e-02
4820 8.88294000e-02
4821 8.96166000e-02
4822 9.18159000e-02
4823 8.83032000e-02
4824 8.86802000e-02
4825 8.90346000e-02
4826 9.00987000e-02
4827 9.01130000e-02
4828 8.76490000e-02
4829 8.44806000e-02
4830 8.17604000e-02
4831 8.88982000e-02
4832 8.87512000e-02
4833 9.10227000e-02
4834 8.96966000e-02
4835 1.00165700e-01
4836 9.17607000e-02
4837 9.79277000e-02
4838 9.27485000e-02
4839 1.07514700e-01
4840 9.32878000e-02
4841 9.91979000e-02
4842 9.26312000e-02
4843 9.28842000e-02
4844 9.71343000e-02
4845 1.00013800e-01
4846 9.09223000e-02
4847 9.54884000e-02
4848 9.53662000e-02
4849 9.71628000e-02
4850 9.36394000e-02
4851 8.59264000e-02
4852 8.67892000e-02
4853 8.54034000e-02
4854 8.55287000e-02
4855 8.57680000e-02
4856 8.49708000e-02
4857 8.84291000e-02
4858 8.38386000e-02
4859 8.61941000e-02
4860 8.54519000e-02
4861 8.78272000e-02
4862 8.81184000e-02
4863 9.01022000e-02
4864 8.94187000e-02
4865 8.86185000e-02
4866 9.10663000e-02
4867 8.55231000e-02
4868 9.26781000e-02
4869 9.02852000e-02
4870 9.34170000e-02
4871 8.98382000e-02
4872 9.05451000e-02
4873 9.00149000e-02
4874 8.90895000e-02
4875 8.83000000e-02
4876 8.87184000e-02
4877 9.12252000e-02
4878 9.75183000e-02
4879 1.02892200e-01
4880 9.55650000e-02
4881 9.60463000e-02
4882 9.54265000e-02
4883 9.33216000e-02
4884 8.57446000e-02
4885 8.85276000e-02
4886 9.64526000e-02
4887 9.23419000e-02
4888 9.24799000e-02
4889 8.84420000e-02
4890 8.67793000e-02
4891 8.85226000e-02
4892 9.23454000e-02
4893 8.70529000e-02
4894 8.92147000e-02
4895 9.27628000e-02
4896 8.75299000e-02
4897 9.52670000e-02
4898 9.52501000e-02
4899 9.20655000e-02
4900 9.45420000e-02
4901 9.42932000e-02
4902 9.02963000e-02
4903 9.02026000e-02
4904 8.88015000e-02
4905 8.66604000e-02
4906 9.06157000e-02
4907 9.33931000e-02
4908 8.94706000e-02
4909 8.95031000e-02
4910 9.04782000e-02
4911 8.66342000e-02
4912 9.29731000e-02
4913 8.99942000e-02
4914 9.38886000e-02
4915 9.81200000e-02
4916 9.84148000e-02
4917 9.66188000e-02
4918 9.99210000e-02
4919 9.82713000e-02
4920 9.42317000e-02
4921 9.18164000e-02
4922 9.50772000e-02
4923 8.97962000e-02
4924 8.96763000e-02
4925 9.64961000e-02
4926 9.54472000e-02
4927 9.13226000e-02
4928 9.69685000e-02
4929 9.02504000e-02
4930 9.60364000e-02
4931 9.21706000e-02
4932 9.39608000e-02
4933 1.04264800e-01
4934 9.17251000e-02
4935 1.03468800e-01
4936 1.02243300e-01
4937 9.51434000e-02
4938 9.66405000e-02
4939 9.22716000e-02
4940 9.92314000e-02
4941 9.10945000e-02
4942 9.18977000e-02
4943 9.66162000e-02
4944 9.76753000e-02
4945 9.58765000e-02
4946 9.45259000e-02
4947 9.06844000e-02
4948 9.19020000e-02
4949 1.05488600e-01
4950 1.03060200e-01
4951 9.19657000e-02
4952 9.55139000e-02
4953 9.78376000e-02
4954 9.64833000e-02
4955 9.90500000e-02
4956 9.40896000e-02
4957 9.29442000e-02
4958 9.10151000e-02
4959 9.16071000e-02
4960 8.82719000e-02
4961 9.41168000e-02
4962 9.79668000e-02
4963 9.26333000e-02
4964 9.31026000e-02
4965 9.71600000e-02
4966 9.97281000e-02
4967 8.99417000e-02
4968 9.03048000e-02
4969 9.71252000e-02
4970 9.94568000e-02
4971 1.03139300e-01
4972 9.80990000e-02
4973 1.05330500e-01
4974 9.23031000e-02
4975 9.63784000e-02
4976 8.98958000e-02
4977 9.20063000e-02
4978 9.49186000e-02
4979 9.63672000e-02
4980 8.67215000e-02
4981 9.66917000e-02
4982 1.10900900e-01
4983 9.23113000e-02
4984 9.40311000e-02
4985 9.53194000e-02
4986 9.64343000e-02
4987 9.77015000e-02
4988 1.00223800e-01
4989 1.03631600e-01
4990 1.00028300e-01
4991 1.04306700e-01
4992 9.94598000e-02
4993 9.33676000e-02
4994 9.06756000e-02
4995 1.10193000e-01
4996 9.60016000e-02
4997 9.28678000e-02
4998 9.06512000e-02
4999 9.08279000e-02
5000 9.59847000e-02
MeanEpochSeconds: 0.080317
StdEpochSeconds: 0.007082
PeakGPUMemoryBytes: 27502080
