FieldName: uy
Device: cuda
GPU: NVIDIA GeForce RTX 5090
ParameterCount: 12737
TotalTrainingSeconds: 2585.031593
EvalSeconds: 0.842667
Epoch Durations (seconds):
1 1.67360900e-01
2 7.25676000e-02
3 7.03297000e-02
4 7.30304000e-02
5 7.70794000e-02
6 6.95990000e-02
7 7.00053000e-02
8 7.00083000e-02
9 7.07285000e-02
10 6.98323000e-02
11 7.40476000e-02
12 7.07684000e-02
13 7.03123000e-02
14 7.59818000e-02
15 7.53444000e-02
16 7.49596000e-02
17 7.19538000e-02
18 7.45500000e-02
19 6.81808000e-02
20 7.18852000e-02
21 7.66518000e-02
22 7.35655000e-02
23 6.89838000e-02
24 7.40382000e-02
25 7.23538000e-02
26 6.94139000e-02
27 6.99869000e-02
28 8.04720000e-02
29 6.86217000e-02
30 7.29899000e-02
31 7.39510000e-02
32 7.34535000e-02
33 7.47904000e-02
34 7.33151000e-02
35 7.16003000e-02
36 7.49960000e-02
37 7.71084000e-02
38 7.44128000e-02
39 7.42420000e-02
40 7.46856000e-02
41 7.10461000e-02
42 7.33522000e-02
43 8.02977000e-02
44 7.49170000e-02
45 6.93040000e-02
46 7.22913000e-02
47 7.41527000e-02
48 7.22661000e-02
49 7.26843000e-02
50 7.45449000e-02
51 6.95164000e-02
52 7.35685000e-02
53 6.93796000e-02
54 6.76429000e-02
55 6.84855000e-02
56 7.55453000e-02
57 7.29920000e-02
58 7.87584000e-02
59 8.33311000e-02
60 8.20373000e-02
61 7.73826000e-02
62 7.66412000e-02
63 7.56381000e-02
64 8.24767000e-02
65 7.96432000e-02
66 6.92207000e-02
67 7.26723000e-02
68 7.10611000e-02
69 7.13767000e-02
70 7.19280000e-02
71 7.19817000e-02
72 7.27564000e-02
73 6.89149000e-02
74 6.57948000e-02
75 7.19900000e-02
76 6.82618000e-02
77 6.91167000e-02
78 7.25449000e-02
79 7.35787000e-02
80 7.55437000e-02
81 7.54136000e-02
82 7.29624000e-02
83 6.81290000e-02
84 7.21529000e-02
85 7.47345000e-02
86 7.16979000e-02
87 7.15844000e-02
88 7.36677000e-02
89 7.66592000e-02
90 7.47272000e-02
91 7.58183000e-02
92 7.35911000e-02
93 6.96967000e-02
94 8.07286000e-02
95 7.22363000e-02
96 7.42475000e-02
97 7.45692000e-02
98 7.21887000e-02
99 7.65788000e-02
100 7.15267000e-02
101 7.52701000e-02
102 7.15626000e-02
103 7.25009000e-02
104 7.30645000e-02
105 6.91087000e-02
106 7.17635000e-02
107 7.51461000e-02
108 6.79067000e-02
109 7.62786000e-02
110 6.99224000e-02
111 7.09531000e-02
112 7.46090000e-02
113 7.41464000e-02
114 6.97865000e-02
115 7.25713000e-02
116 7.59737000e-02
117 6.84511000e-02
118 7.14227000e-02
119 6.81186000e-02
120 7.30071000e-02
121 7.39348000e-02
122 7.43098000e-02
123 7.37751000e-02
124 7.47464000e-02
125 7.52645000e-02
126 6.87021000e-02
127 7.33404000e-02
128 7.57525000e-02
129 6.85144000e-02
130 7.27129000e-02
131 7.61848000e-02
132 7.26584000e-02
133 7.25111000e-02
134 7.58866000e-02
135 7.75363000e-02
136 7.30206000e-02
137 7.58690000e-02
138 7.11578000e-02
139 7.48197000e-02
140 7.02820000e-02
141 7.46468000e-02
142 7.02469000e-02
143 7.33620000e-02
144 7.21428000e-02
145 7.18534000e-02
146 7.00788000e-02
147 6.54802000e-02
148 6.97238000e-02
149 7.01269000e-02
150 6.80172000e-02
151 7.43017000e-02
152 7.63075000e-02
153 7.32137000e-02
154 7.19657000e-02
155 7.24836000e-02
156 7.28248000e-02
157 7.26594000e-02
158 6.75277000e-02
159 7.51274000e-02
160 7.63067000e-02
161 7.09775000e-02
162 7.30860000e-02
163 7.16615000e-02
164 7.22398000e-02
165 7.05195000e-02
166 7.07637000e-02
167 6.93799000e-02
168 7.74854000e-02
169 6.61867000e-02
170 7.34053000e-02
171 8.15443000e-02
172 7.36362000e-02
173 7.76183000e-02
174 7.61513000e-02
175 7.63243000e-02
176 7.65898000e-02
177 7.50343000e-02
178 7.76780000e-02
179 7.46525000e-02
180 7.68349000e-02
181 7.31744000e-02
182 7.60012000e-02
183 7.57340000e-02
184 7.67260000e-02
185 7.13393000e-02
186 7.11318000e-02
187 7.61855000e-02
188 7.43021000e-02
189 7.56028000e-02
190 7.62798000e-02
191 7.83761000e-02
192 7.52765000e-02
193 7.29326000e-02
194 7.72375000e-02
195 7.21960000e-02
196 7.02435000e-02
197 6.96796000e-02
198 7.59581000e-02
199 7.31000000e-02
200 7.35006000e-02
201 7.62370000e-02
202 7.24510000e-02
203 7.82419000e-02
204 7.44923000e-02
205 7.56921000e-02
206 6.93064000e-02
207 7.40923000e-02
208 7.46491000e-02
209 7.34037000e-02
210 7.67634000e-02
211 7.27391000e-02
212 7.68605000e-02
213 7.13811000e-02
214 7.46423000e-02
215 7.68655000e-02
216 7.20885000e-02
217 7.74621000e-02
218 7.75452000e-02
219 7.10197000e-02
220 7.65938000e-02
221 7.35849000e-02
222 7.29623000e-02
223 7.31919000e-02
224 7.99866000e-02
225 6.84775000e-02
226 7.32426000e-02
227 7.32752000e-02
228 7.32228000e-02
229 7.56881000e-02
230 7.56011000e-02
231 7.75286000e-02
232 7.61124000e-02
233 7.42250000e-02
234 7.40975000e-02
235 7.71310000e-02
236 7.86538000e-02
237 7.05473000e-02
238 7.36916000e-02
239 7.33986000e-02
240 7.49945000e-02
241 7.28305000e-02
242 7.28574000e-02
243 7.44436000e-02
244 6.99946000e-02
245 7.23519000e-02
246 7.54082000e-02
247 6.88415000e-02
248 6.72597000e-02
249 7.30207000e-02
250 7.61268000e-02
251 7.41340000e-02
252 7.37049000e-02
253 7.26689000e-02
254 7.29272000e-02
255 7.18469000e-02
256 7.27899000e-02
257 7.27969000e-02
258 7.06722000e-02
259 7.47630000e-02
260 7.22857000e-02
261 7.13443000e-02
262 7.00655000e-02
263 7.29223000e-02
264 7.03532000e-02
265 7.58363000e-02
266 7.60244000e-02
267 7.41480000e-02
268 6.90734000e-02
269 7.79653000e-02
270 7.17109000e-02
271 7.28501000e-02
272 7.33810000e-02
273 7.64302000e-02
274 7.47794000e-02
275 6.83279000e-02
276 7.03602000e-02
277 7.15206000e-02
278 7.61714000e-02
279 7.28831000e-02
280 7.39574000e-02
281 7.74270000e-02
282 7.07941000e-02
283 7.67078000e-02
284 7.49869000e-02
285 7.17450000e-02
286 6.84585000e-02
287 7.80427000e-02
288 7.55840000e-02
289 7.25593000e-02
290 7.62376000e-02
291 6.88083000e-02
292 7.09612000e-02
293 7.24966000e-02
294 7.19106000e-02
295 7.22040000e-02
296 7.38589000e-02
297 6.90439000e-02
298 7.17872000e-02
299 6.60423000e-02
300 7.97546000e-02
301 7.27641000e-02
302 7.63315000e-02
303 7.77156000e-02
304 8.01061000e-02
305 7.18284000e-02
306 7.44069000e-02
307 7.60767000e-02
308 7.64761000e-02
309 6.84129000e-02
310 7.70135000e-02
311 8.23928000e-02
312 8.85135000e-02
313 9.15269000e-02
314 9.87505000e-02
315 9.65018000e-02
316 9.45561000e-02
317 9.40012000e-02
318 9.25610000e-02
319 8.93461000e-02
320 8.56863000e-02
321 8.79683000e-02
322 9.31045000e-02
323 8.83819000e-02
324 9.07434000e-02
325 9.02785000e-02
326 8.96304000e-02
327 9.56255000e-02
328 9.91437000e-02
329 8.90199000e-02
330 8.99246000e-02
331 9.52988000e-02
332 9.39184000e-02
333 8.97420000e-02
334 9.58773000e-02
335 9.02567000e-02
336 9.20328000e-02
337 9.35165000e-02
338 8.92398000e-02
339 9.21039000e-02
340 9.63462000e-02
341 9.31535000e-02
342 9.39472000e-02
343 9.30350000e-02
344 9.65785000e-02
345 9.61571000e-02
346 9.52475000e-02
347 9.51103000e-02
348 9.26645000e-02
349 9.05525000e-02
350 9.41586000e-02
351 8.63561000e-02
352 9.44878000e-02
353 9.50661000e-02
354 9.58551000e-02
355 8.91615000e-02
356 9.09782000e-02
357 9.29184000e-02
358 9.07009000e-02
359 9.71830000e-02
360 9.34857000e-02
361 9.36870000e-02
362 8.89026000e-02
363 8.91766000e-02
364 8.71958000e-02
365 9.48649000e-02
366 9.59560000e-02
367 9.34597000e-02
368 8.80411000e-02
369 9.41475000e-02
370 8.96874000e-02
371 9.45074000e-02
372 9.35279000e-02
373 9.72567000e-02
374 9.18160000e-02
375 9.22155000e-02
376 9.66697000e-02
377 9.05588000e-02
378 9.83774000e-02
379 9.86979000e-02
380 8.68680000e-02
381 8.92373000e-02
382 8.69205000e-02
383 9.28175000e-02
384 9.97655000e-02
385 9.38807000e-02
386 9.64466000e-02
387 9.87411000e-02
388 9.25151000e-02
389 9.28729000e-02
390 8.79556000e-02
391 1.05097500e-01
392 9.53832000e-02
393 9.08255000e-02
394 8.98221000e-02
395 9.45021000e-02
396 9.88571000e-02
397 9.65870000e-02
398 8.85022000e-02
399 9.33327000e-02
400 9.09105000e-02
401 9.67406000e-02
402 8.34214000e-02
403 8.56250000e-02
404 9.16328000e-02
405 9.41190000e-02
406 9.71883000e-02
407 9.02258000e-02
408 9.25190000e-02
409 9.35507000e-02
410 9.34808000e-02
411 9.08225000e-02
412 9.18865000e-02
413 9.43816000e-02
414 8.58082000e-02
415 9.38891000e-02
416 9.65749000e-02
417 9.33553000e-02
418 9.29089000e-02
419 9.34790000e-02
420 9.87597000e-02
421 9.10913000e-02
422 8.81440000e-02
423 9.66003000e-02
424 8.64419000e-02
425 9.58769000e-02
426 9.09930000e-02
427 9.63167000e-02
428 9.41037000e-02
429 9.43556000e-02
430 8.33703000e-02
431 9.45448000e-02
432 9.54225000e-02
433 8.52567000e-02
434 8.65970000e-02
435 9.22679000e-02
436 8.79088000e-02
437 8.61723000e-02
438 9.24172000e-02
439 8.50232000e-02
440 9.01482000e-02
441 9.48525000e-02
442 7.96551000e-02
443 9.74064000e-02
444 8.54777000e-02
445 9.52387000e-02
446 8.93201000e-02
447 9.31689000e-02
448 9.46119000e-02
449 9.09338000e-02
450 1.07587200e-01
451 1.13891000e-01
452 1.12019400e-01
453 1.09179000e-01
454 1.09053900e-01
455 1.17509800e-01
456 1.10860400e-01
457 1.18230100e-01
458 1.07466600e-01
459 1.06361700e-01
460 1.12758200e-01
461 1.07030400e-01
462 1.12487500e-01
463 1.15167000e-01
464 1.11734500e-01
465 1.15011200e-01
466 1.10289400e-01
467 1.07720600e-01
468 1.09151100e-01
469 1.07111300e-01
470 1.04274300e-01
471 1.10891000e-01
472 1.18057200e-01
473 1.07511200e-01
474 1.15471800e-01
475 1.15736600e-01
476 1.08273400e-01
477 1.10172200e-01
478 1.27331200e-01
479 1.04610300e-01
480 1.09838500e-01
481 1.13066200e-01
482 1.14650100e-01
483 1.09905400e-01
484 1.06361400e-01
485 1.05793700e-01
486 1.05730200e-01
487 1.08731100e-01
488 1.15652500e-01
489 1.15225200e-01
490 1.10275100e-01
491 1.07692900e-01
492 1.20413500e-01
493 1.08996500e-01
494 1.17449100e-01
495 1.07644600e-01
496 1.15356200e-01
497 1.11552400e-01
498 1.08583100e-01
499 1.10765900e-01
500 1.08203700e-01
501 1.11667700e-01
502 1.10083900e-01
503 1.13512200e-01
504 1.14141400e-01
505 1.11376000e-01
506 1.10982100e-01
507 1.14900200e-01
508 1.14995100e-01
509 1.08509000e-01
510 1.18574300e-01
511 1.06550200e-01
512 1.16498500e-01
513 1.03897300e-01
514 1.10886600e-01
515 1.18561600e-01
516 1.10353700e-01
517 1.11541100e-01
518 1.06645000e-01
519 1.08917900e-01
520 1.08620000e-01
521 1.12847100e-01
522 1.09088500e-01
523 1.09248100e-01
524 1.12594300e-01
525 1.07753500e-01
526 1.06839200e-01
527 1.14497000e-01
528 1.11531300e-01
529 1.11547500e-01
530 1.22876900e-01
531 1.07815500e-01
532 1.12963800e-01
533 1.15209300e-01
534 1.10269400e-01
535 1.04731900e-01
536 1.11975300e-01
537 1.05183500e-01
538 1.12164000e-01
539 1.11259800e-01
540 1.15484300e-01
541 1.09845800e-01
542 1.16539000e-01
543 1.06345400e-01
544 1.10417400e-01
545 1.20467700e-01
546 1.12486300e-01
547 1.15596400e-01
548 1.20168500e-01
549 1.16565300e-01
550 1.12680800e-01
551 1.08174600e-01
552 1.12120900e-01
553 1.08764700e-01
554 1.10777500e-01
555 1.07740900e-01
556 1.10210300e-01
557 1.07889200e-01
558 1.06965500e-01
559 1.11844400e-01
560 1.08989300e-01
561 1.18380000e-01
562 1.11636000e-01
563 1.11406300e-01
564 1.11057700e-01
565 1.03202600e-01
566 1.17294200e-01
567 1.12284100e-01
568 1.09320300e-01
569 1.09397600e-01
570 1.15893900e-01
571 1.14151200e-01
572 1.09012300e-01
573 1.07980800e-01
574 1.15223300e-01
575 1.09777400e-01
576 1.12755000e-01
577 1.06895400e-01
578 1.07016500e-01
579 1.16286100e-01
580 1.16090100e-01
581 1.11689800e-01
582 1.13279800e-01
583 1.13008800e-01
584 1.07203700e-01
585 1.11948400e-01
586 1.13289200e-01
587 1.14275900e-01
588 1.01530600e-01
589 1.10911600e-01
590 1.13109300e-01
591 1.10018500e-01
592 1.13351800e-01
593 1.20743200e-01
594 1.09071800e-01
595 1.12720200e-01
596 1.08802400e-01
597 1.08715800e-01
598 1.15056200e-01
599 1.31424700e-01
600 1.28669600e-01
601 1.35460700e-01
602 1.33195600e-01
603 1.25675900e-01
604 1.34262300e-01
605 1.26526300e-01
606 1.37027800e-01
607 1.22904000e-01
608 1.29188700e-01
609 1.28472100e-01
610 1.24801700e-01
611 1.34260300e-01
612 1.27243500e-01
613 1.36377300e-01
614 1.29545900e-01
615 1.28866700e-01
616 1.33671200e-01
617 1.23388700e-01
618 1.20766900e-01
619 1.39553900e-01
620 1.29992900e-01
621 1.32532200e-01
622 1.26982200e-01
623 1.39942600e-01
624 1.22264300e-01
625 1.25750500e-01
626 1.35035500e-01
627 1.35541900e-01
628 1.30437000e-01
629 1.24831800e-01
630 1.37675300e-01
631 1.36050600e-01
632 1.30613300e-01
633 1.26691100e-01
634 1.26541900e-01
635 1.20598200e-01
636 1.26776500e-01
637 1.33896000e-01
638 1.40256100e-01
639 1.36468200e-01
640 1.33207200e-01
641 1.29311500e-01
642 1.30507100e-01
643 1.29236900e-01
644 1.30572600e-01
645 1.29835900e-01
646 1.34702400e-01
647 1.34720500e-01
648 1.41365200e-01
649 1.30990800e-01
650 1.34839200e-01
651 1.34466900e-01
652 1.28813900e-01
653 1.25697800e-01
654 1.32699100e-01
655 1.32668900e-01
656 1.32045200e-01
657 1.39543900e-01
658 1.33285600e-01
659 1.29843600e-01
660 1.33255100e-01
661 1.30602400e-01
662 1.33599800e-01
663 1.37512000e-01
664 1.31678200e-01
665 1.27300600e-01
666 1.34816000e-01
667 1.32218600e-01
668 1.24362900e-01
669 1.30735000e-01
670 1.39742600e-01
671 1.36741300e-01
672 1.32637300e-01
673 1.39221600e-01
674 1.29390100e-01
675 1.25351300e-01
676 1.33489500e-01
677 1.30435200e-01
678 1.32920900e-01
679 1.30873600e-01
680 1.21625800e-01
681 1.32407000e-01
682 1.23874200e-01
683 1.31591500e-01
684 1.34946900e-01
685 1.25699200e-01
686 1.33897500e-01
687 1.25455500e-01
688 1.34407400e-01
689 1.29550000e-01
690 1.35356200e-01
691 1.34220900e-01
692 1.32135700e-01
693 1.31710200e-01
694 1.41080500e-01
695 1.36713400e-01
696 1.53823500e-01
697 1.50084400e-01
698 1.49543000e-01
699 1.41370700e-01
700 1.47894600e-01
701 1.48824900e-01
702 1.47042900e-01
703 1.45120600e-01
704 1.55728000e-01
705 1.50380300e-01
706 1.56388000e-01
707 1.37386700e-01
708 1.54892500e-01
709 1.45721500e-01
710 1.58119100e-01
711 1.51965500e-01
712 1.44917100e-01
713 1.54932200e-01
714 1.49636200e-01
715 1.46010600e-01
716 1.48351000e-01
717 1.44706600e-01
718 1.53067400e-01
719 1.54311300e-01
720 1.51614700e-01
721 1.44935300e-01
722 1.42112300e-01
723 1.61585300e-01
724 1.54350000e-01
725 1.57586000e-01
726 1.52613900e-01
727 1.41072000e-01
728 1.47341300e-01
729 1.52258500e-01
730 1.35355200e-01
731 1.54246100e-01
732 1.45474000e-01
733 1.55726900e-01
734 1.47517800e-01
735 1.55822100e-01
736 1.39311800e-01
737 1.47213000e-01
738 1.52747100e-01
739 1.60751300e-01
740 1.42084500e-01
741 1.51425500e-01
742 1.48203000e-01
743 1.52095500e-01
744 1.48591700e-01
745 1.46785800e-01
746 1.53339400e-01
747 1.41046700e-01
748 1.44748300e-01
749 1.44330300e-01
750 1.50910100e-01
751 1.48046800e-01
752 1.46312900e-01
753 1.47522100e-01
754 1.53411000e-01
755 1.55966200e-01
756 1.58656500e-01
757 1.45311700e-01
758 1.47707300e-01
759 1.48271900e-01
760 1.57166200e-01
761 1.45043900e-01
762 1.53932800e-01
763 1.60271300e-01
764 1.47693400e-01
765 1.46587800e-01
766 1.39460500e-01
767 1.52494100e-01
768 1.47037400e-01
769 1.42372300e-01
770 1.41913000e-01
771 1.39559000e-01
772 1.50353900e-01
773 1.64242600e-01
774 1.59041100e-01
775 1.78751100e-01
776 1.77119000e-01
777 1.73472300e-01
778 1.68760700e-01
779 1.68694400e-01
780 1.75259200e-01
781 1.69264500e-01
782 1.72981300e-01
783 1.69115500e-01
784 1.66092500e-01
785 1.63409300e-01
786 1.82502700e-01
787 1.65661000e-01
788 1.80563900e-01
789 1.65025200e-01
790 1.55745400e-01
791 1.70452100e-01
792 1.77015600e-01
793 1.76248400e-01
794 1.70399400e-01
795 1.59516500e-01
796 1.60776700e-01
797 1.67647200e-01
798 1.65814000e-01
799 1.65220400e-01
800 1.74245200e-01
801 1.63151900e-01
802 1.68530000e-01
803 1.58562200e-01
804 1.68325500e-01
805 1.67430100e-01
806 1.71327300e-01
807 1.64726900e-01
808 1.63922600e-01
809 1.58736100e-01
810 1.64424800e-01
811 1.72996800e-01
812 1.71771500e-01
813 1.77687000e-01
814 1.74865800e-01
815 1.76864000e-01
816 1.66493400e-01
817 1.66664300e-01
818 1.79573300e-01
819 1.76613600e-01
820 1.71285600e-01
821 1.69690400e-01
822 1.71031600e-01
823 1.71453700e-01
824 1.61824300e-01
825 1.65609500e-01
826 1.69042800e-01
827 1.58311900e-01
828 1.60389800e-01
829 1.79568200e-01
830 1.61124700e-01
831 1.64465200e-01
832 1.69192300e-01
833 1.71330100e-01
834 1.67557700e-01
835 1.59992200e-01
836 1.65199100e-01
837 1.60905100e-01
838 1.75147000e-01
839 1.62537900e-01
840 1.64141300e-01
841 1.75096400e-01
842 1.72287700e-01
843 1.63224000e-01
844 1.56264100e-01
845 1.72472800e-01
846 1.80195200e-01
847 1.69148700e-01
848 1.64195500e-01
849 1.83974500e-01
850 1.88939700e-01
851 1.92044900e-01
852 1.89891200e-01
853 1.93858200e-01
854 1.74950100e-01
855 1.91190400e-01
856 1.77257400e-01
857 1.91980500e-01
858 1.99300600e-01
859 1.78192300e-01
860 1.75571100e-01
861 1.91843200e-01
862 1.87165600e-01
863 1.93291400e-01
864 1.86393000e-01
865 1.87248400e-01
866 1.92212900e-01
867 1.93474500e-01
868 1.88060300e-01
869 1.72294900e-01
870 1.87985400e-01
871 1.89771600e-01
872 1.89991900e-01
873 1.77926300e-01
874 1.86860500e-01
875 1.96725900e-01
876 1.90734700e-01
877 1.98414100e-01
878 1.90572300e-01
879 1.84003900e-01
880 1.90441600e-01
881 1.88112900e-01
882 1.87943600e-01
883 2.01999500e-01
884 1.84125800e-01
885 1.90723700e-01
886 1.81771000e-01
887 1.97787600e-01
888 1.87527100e-01
889 1.74573200e-01
890 1.76317900e-01
891 1.94103000e-01
892 1.89665700e-01
893 1.93469400e-01
894 1.79798000e-01
895 1.92453100e-01
896 1.92483900e-01
897 1.96855500e-01
898 1.85301100e-01
899 1.79986500e-01
900 1.85608800e-01
901 1.75273800e-01
902 1.93199400e-01
903 1.89622500e-01
904 1.90576300e-01
905 1.86014800e-01
906 1.98619500e-01
907 1.76275800e-01
908 1.92250700e-01
909 1.99538100e-01
910 1.86820200e-01
911 2.02072900e-01
912 2.04201600e-01
913 2.07867300e-01
914 2.13766400e-01
915 1.95006300e-01
916 1.99393000e-01
917 1.99252600e-01
918 2.12173900e-01
919 2.14926100e-01
920 2.07507900e-01
921 2.12402000e-01
922 1.96722100e-01
923 1.95890500e-01
924 2.05422900e-01
925 2.14591100e-01
926 2.03278000e-01
927 1.97360200e-01
928 1.91014900e-01
929 2.00996200e-01
930 2.00584400e-01
931 2.00418300e-01
932 2.21296900e-01
933 2.06298500e-01
934 2.02120600e-01
935 2.06445800e-01
936 2.23156800e-01
937 2.09124800e-01
938 1.96555100e-01
939 1.99036200e-01
940 1.91427500e-01
941 2.09938600e-01
942 2.12346900e-01
943 2.02841500e-01
944 2.08944700e-01
945 2.05546000e-01
946 2.19741900e-01
947 1.96314800e-01
948 2.09096100e-01
949 2.03382500e-01
950 1.85126100e-01
951 1.98003100e-01
952 2.00324900e-01
953 2.26384800e-01
954 2.12010800e-01
955 2.11198100e-01
956 2.03076900e-01
957 2.06385900e-01
958 2.11661100e-01
959 1.97137100e-01
960 1.94999100e-01
961 2.18892100e-01
962 2.09569000e-01
963 1.93972500e-01
964 2.08629700e-01
965 2.06617400e-01
966 2.22862800e-01
967 2.02787700e-01
968 2.05498100e-01
969 1.95720000e-01
970 2.11882100e-01
971 2.15289300e-01
972 1.99447600e-01
973 2.00497700e-01
974 2.01555000e-01
975 2.08501200e-01
976 1.94704500e-01
977 2.11577500e-01
978 2.04426400e-01
979 2.00262600e-01
980 1.98078700e-01
981 2.01242000e-01
982 2.16635300e-01
983 2.07397500e-01
984 2.08022500e-01
985 2.16274300e-01
986 2.12771300e-01
987 1.98316000e-01
988 2.03885800e-01
989 2.00061000e-01
990 2.15177300e-01
991 2.14374000e-01
992 2.13154500e-01
993 2.05915400e-01
994 2.09785000e-01
995 2.00035600e-01
996 2.02735200e-01
997 2.00438700e-01
998 1.85328800e-01
999 2.00377500e-01
1000 2.13817500e-01
1001 2.08112200e-01
1002 2.07001500e-01
1003 2.09212900e-01
1004 2.08645100e-01
1005 2.13353600e-01
1006 2.05095800e-01
1007 2.04516800e-01
1008 2.08985900e-01
1009 2.05167200e-01
1010 2.12173200e-01
1011 2.10946500e-01
1012 2.05295000e-01
1013 1.98770900e-01
1014 2.02707400e-01
1015 1.97014100e-01
1016 2.11512400e-01
1017 2.06496300e-01
1018 2.22859800e-01
1019 2.17305600e-01
1020 2.23370100e-01
1021 2.11360500e-01
1022 2.06831100e-01
1023 2.12552300e-01
1024 2.08697400e-01
1025 2.12408900e-01
1026 2.11166800e-01
1027 2.26336400e-01
1028 2.04282400e-01
1029 2.20459300e-01
1030 2.21418200e-01
1031 2.27897700e-01
1032 2.36185200e-01
1033 2.30599000e-01
1034 2.27385000e-01
1035 2.31299700e-01
1036 2.35273000e-01
1037 2.09447300e-01
1038 2.18610800e-01
1039 2.29898900e-01
1040 2.21551800e-01
1041 2.29589900e-01
1042 2.23844600e-01
1043 2.11556600e-01
1044 2.24251900e-01
1045 2.10740200e-01
1046 2.13928200e-01
1047 2.37272500e-01
1048 2.35170400e-01
1049 2.05206400e-01
1050 2.02877400e-01
1051 2.07927100e-01
1052 2.31379000e-01
1053 2.21707600e-01
1054 2.24016000e-01
1055 2.24989600e-01
1056 2.25677500e-01
1057 2.13109800e-01
1058 2.16480800e-01
1059 2.11492100e-01
1060 2.24061500e-01
1061 2.16155100e-01
1062 2.22319900e-01
1063 2.14473500e-01
1064 2.13324500e-01
1065 2.22453600e-01
1066 2.12340900e-01
1067 1.96364500e-01
1068 2.00670300e-01
1069 2.21813500e-01
1070 2.18079100e-01
1071 2.23197500e-01
1072 2.28026100e-01
1073 2.24897100e-01
1074 2.22279700e-01
1075 2.02981500e-01
1076 2.19212900e-01
1077 2.32895800e-01
1078 2.35380500e-01
1079 2.45597200e-01
1080 2.30361200e-01
1081 2.25989800e-01
1082 2.15784300e-01
1083 2.20193900e-01
1084 2.46948900e-01
1085 2.58327200e-01
1086 2.33854900e-01
1087 2.44137200e-01
1088 2.40555600e-01
1089 2.44403900e-01
1090 2.42902400e-01
1091 2.41005300e-01
1092 2.32334000e-01
1093 2.51536200e-01
1094 2.48810900e-01
1095 2.41195800e-01
1096 2.44109400e-01
1097 2.39043200e-01
1098 2.53833400e-01
1099 2.27779500e-01
1100 2.44081000e-01
1101 2.31853400e-01
1102 2.50212600e-01
1103 2.39460600e-01
1104 2.47580200e-01
1105 2.20689900e-01
1106 2.42263300e-01
1107 2.47037300e-01
1108 2.15582300e-01
1109 2.56300500e-01
1110 2.33278700e-01
1111 2.24375400e-01
1112 2.53582200e-01
1113 2.38259700e-01
1114 2.37245600e-01
1115 2.45056300e-01
1116 2.37832000e-01
1117 2.44417300e-01
1118 2.40946900e-01
1119 2.30057500e-01
1120 2.55614200e-01
1121 2.41027400e-01
1122 2.17312200e-01
1123 2.29972900e-01
1124 2.36426400e-01
1125 2.46456300e-01
1126 2.50528700e-01
1127 2.27582500e-01
1128 2.72212200e-01
1129 2.48230100e-01
1130 2.68265800e-01
1131 2.42043900e-01
1132 2.63995700e-01
1133 2.51933500e-01
1134 2.70127400e-01
1135 2.60925100e-01
1136 2.46879800e-01
1137 2.65004900e-01
1138 2.74325700e-01
1139 2.42547700e-01
1140 2.47834200e-01
1141 2.41882900e-01
1142 2.40165900e-01
1143 2.57534100e-01
1144 2.47735600e-01
1145 2.35319500e-01
1146 2.50642300e-01
1147 2.53822400e-01
1148 2.56793600e-01
1149 2.67709800e-01
1150 2.49626500e-01
1151 2.74168400e-01
1152 2.59686800e-01
1153 2.46727200e-01
1154 2.66557100e-01
1155 2.47278600e-01
1156 2.62869100e-01
1157 2.50319100e-01
1158 2.62780800e-01
1159 2.52370200e-01
1160 2.55088700e-01
1161 2.68372100e-01
1162 2.32099900e-01
1163 2.52988200e-01
1164 2.64520200e-01
1165 2.56802500e-01
1166 2.53846500e-01
1167 2.56321300e-01
1168 2.65359200e-01
1169 2.58805400e-01
1170 2.60939000e-01
1171 2.72448700e-01
1172 2.54287100e-01
1173 2.65578700e-01
1174 2.89329500e-01
1175 2.84515800e-01
1176 2.79343100e-01
1177 2.74983400e-01
1178 2.97211200e-01
1179 2.87653200e-01
1180 2.81188400e-01
1181 2.62833300e-01
1182 2.63534800e-01
1183 3.04418700e-01
1184 2.68179200e-01
1185 2.71314600e-01
1186 2.80305900e-01
1187 2.71062200e-01
1188 2.67241800e-01
1189 2.64848700e-01
1190 2.59794700e-01
1191 2.73649900e-01
1192 2.59832000e-01
1193 2.71021000e-01
1194 2.80774600e-01
1195 2.64013900e-01
1196 2.79876700e-01
1197 2.81914300e-01
1198 2.84427000e-01
1199 2.69354400e-01
1200 2.74315100e-01
1201 2.60176500e-01
1202 2.71851000e-01
1203 2.60186300e-01
1204 2.80483200e-01
1205 2.84902400e-01
1206 2.63476100e-01
1207 2.81304600e-01
1208 2.71792100e-01
1209 2.69279300e-01
1210 2.69315600e-01
1211 2.52266000e-01
1212 2.66615300e-01
1213 2.65249800e-01
1214 2.89577200e-01
1215 2.75415900e-01
1216 2.71506600e-01
1217 2.59045400e-01
1218 2.62892600e-01
1219 2.90777300e-01
1220 2.60622800e-01
1221 2.78975300e-01
1222 2.78385200e-01
1223 2.76786700e-01
1224 2.67051400e-01
1225 2.61891200e-01
1226 2.68358200e-01
1227 2.58952000e-01
1228 3.14054100e-01
1229 3.02312000e-01
1230 2.85959100e-01
1231 2.92699900e-01
1232 2.96131700e-01
1233 2.98369300e-01
1234 2.87191000e-01
1235 3.11437100e-01
1236 2.91585000e-01
1237 3.01626900e-01
1238 2.89804300e-01
1239 2.86194400e-01
1240 2.81331500e-01
1241 2.79073000e-01
1242 3.01912900e-01
1243 2.90705900e-01
1244 3.09230300e-01
1245 3.11850700e-01
1246 3.14288300e-01
1247 2.79533000e-01
1248 2.82129800e-01
1249 2.91498100e-01
1250 2.97032300e-01
1251 2.78742000e-01
1252 3.02060000e-01
1253 2.89937800e-01
1254 2.68954300e-01
1255 2.73624600e-01
1256 2.71899300e-01
1257 2.95534400e-01
1258 3.09178800e-01
1259 3.05921000e-01
1260 2.86797600e-01
1261 2.89973700e-01
1262 3.00821300e-01
1263 2.82659500e-01
1264 3.03016600e-01
1265 3.17822200e-01
1266 3.02536700e-01
1267 3.21403800e-01
1268 2.82857300e-01
1269 3.19454000e-01
1270 3.20939600e-01
1271 3.05363600e-01
1272 3.10091200e-01
1273 2.85143700e-01
1274 3.21089500e-01
1275 3.22602600e-01
1276 3.09293000e-01
1277 3.78543800e-01
1278 3.12693200e-01
1279 3.31462000e-01
1280 2.98729400e-01
1281 3.06451900e-01
1282 3.35931100e-01
1283 3.45543900e-01
1284 3.04606800e-01
1285 2.96616200e-01
1286 2.91812300e-01
1287 3.07916300e-01
1288 2.99269100e-01
1289 3.19333600e-01
1290 3.34141300e-01
1291 3.02911800e-01
1292 3.10041400e-01
1293 2.92909700e-01
1294 3.20242400e-01
1295 2.88949800e-01
1296 3.32010700e-01
1297 2.93523800e-01
1298 2.87953300e-01
1299 3.04843700e-01
1300 3.38079400e-01
1301 3.29532200e-01
1302 3.22292800e-01
1303 3.22504800e-01
1304 3.00619300e-01
1305 2.91664400e-01
1306 3.07340900e-01
1307 3.17291700e-01
1308 2.93737600e-01
1309 3.21869500e-01
1310 3.22574400e-01
1311 2.92344200e-01
1312 3.02167200e-01
1313 3.07122800e-01
1314 3.15321200e-01
1315 3.02896300e-01
1316 3.24461800e-01
1317 3.20884900e-01
1318 3.36496200e-01
1319 3.07577700e-01
1320 3.09037900e-01
1321 3.30150400e-01
1322 2.86713300e-01
1323 3.27496300e-01
1324 3.14816000e-01
1325 2.93113900e-01
1326 3.22229600e-01
1327 3.09704900e-01
1328 3.28133400e-01
1329 2.96647900e-01
1330 3.06888600e-01
1331 3.15880300e-01
1332 2.99203800e-01
1333 3.18621800e-01
1334 2.91316700e-01
1335 3.13196400e-01
1336 3.10131200e-01
1337 3.15350300e-01
1338 2.85028000e-01
1339 3.05217500e-01
1340 3.00153500e-01
1341 2.96063600e-01
1342 3.01300900e-01
1343 3.25384700e-01
1344 3.02929400e-01
1345 3.28925600e-01
1346 3.26741300e-01
1347 3.16925200e-01
1348 3.21258000e-01
1349 3.57068200e-01
1350 3.80972700e-01
1351 3.98944500e-01
1352 4.14405200e-01
1353 4.94831700e-01
1354 5.76728400e-01
1355 5.61744300e-01
1356 6.37382600e-01
1357 6.38949200e-01
1358 6.47137200e-01
1359 6.43963400e-01
1360 7.15329700e-01
1361 7.83750600e-01
1362 6.93006100e-01
1363 7.15827200e-01
1364 5.95235700e-01
1365 8.27164700e-01
1366 6.94789100e-01
1367 7.87427700e-01
1368 6.67196200e-01
1369 3.52618200e-01
1370 6.95002200e-01
1371 5.38925100e-01
1372 2.53153900e-01
1373 7.31319400e-01
1374 8.72531400e-01
1375 8.47100600e-01
1376 7.82913600e-01
1377 8.08881800e-01
1378 7.60783600e-01
1379 8.92066400e-01
1380 8.46596500e-01
1381 7.81445500e-01
1382 8.13793300e-01
1383 8.40685300e-01
1384 8.87816100e-01
1385 6.50905800e-01
1386 7.17920700e-01
1387 6.10374800e-01
1388 5.75089000e-01
1389 6.06525600e-01
1390 5.78570500e-01
1391 7.33784200e-01
1392 6.97416200e-01
1393 6.95919500e-01
1394 6.66160700e-01
1395 7.18289400e-01
1396 8.09013900e-01
1397 8.41123800e-01
1398 6.79273300e-01
1399 9.61565900e-01
1400 1.18228880e+00
1401 1.03612120e+00
1402 8.13158800e-01
1403 8.60809900e-01
1404 8.45885600e-01
1405 8.65995300e-01
1406 8.18567400e-01
1407 8.85157600e-01
1408 9.06108800e-01
1409 9.09945200e-01
1410 8.51816900e-01
1411 6.57453100e-01
1412 4.88927300e-01
1413 5.14573700e-01
1414 4.77947700e-01
1415 4.77197800e-01
1416 4.96512600e-01
1417 6.00365800e-01
1418 5.52619700e-01
1419 5.41747600e-01
1420 5.89693000e-01
1421 5.49720600e-01
1422 5.28235900e-01
1423 5.48460300e-01
1424 4.41707800e-01
1425 4.89856000e-01
1426 5.26701100e-01
1427 5.30794800e-01
1428 5.65397900e-01
1429 7.59904100e-01
1430 6.86300100e-01
1431 6.77702900e-01
1432 6.74638700e-01
1433 6.90520300e-01
1434 7.71757400e-01
1435 6.94172200e-01
1436 6.85776300e-01
1437 6.20024400e-01
1438 8.88997600e-01
1439 6.11531500e-01
1440 6.44222200e-01
1441 7.36782500e-01
1442 6.37645600e-01
1443 7.55531900e-01
1444 8.99541900e-01
1445 6.38171300e-01
1446 7.84870300e-01
1447 7.32244600e-01
1448 7.28958200e-01
1449 7.57907800e-01
1450 7.43964400e-01
1451 6.97961600e-01
1452 7.15807300e-01
1453 6.87432200e-01
1454 7.19096200e-01
1455 6.38833500e-01
1456 6.93036200e-01
1457 6.12091200e-01
1458 6.68476800e-01
1459 5.94611300e-01
1460 6.20045000e-01
1461 7.58426100e-01
1462 7.02346200e-01
1463 6.88944900e-01
1464 5.49124900e-01
1465 6.32898700e-01
1466 7.64280400e-01
1467 6.68583600e-01
1468 6.73915900e-01
1469 6.43484100e-01
1470 6.48367800e-01
1471 5.93677900e-01
1472 5.53789200e-01
1473 6.84928200e-01
1474 6.22244700e-01
1475 5.75874000e-01
1476 6.88475100e-01
1477 6.16635300e-01
1478 5.89138800e-01
1479 6.48896900e-01
1480 5.40751000e-01
1481 5.33707500e-01
1482 6.59395900e-01
1483 7.41077900e-01
1484 6.20608300e-01
1485 5.34318500e-01
1486 6.43615100e-01
1487 5.65025600e-01
1488 5.39267300e-01
1489 6.07019200e-01
1490 6.75623800e-01
1491 6.15885700e-01
1492 7.02876100e-01
1493 6.81526300e-01
1494 6.17103800e-01
1495 6.54857700e-01
1496 5.53870600e-01
1497 6.46483000e-01
1498 6.53107200e-01
1499 6.29547300e-01
1500 6.48329500e-01
1501 6.43030300e-01
1502 6.47145800e-01
1503 6.30554800e-01
1504 5.86603500e-01
1505 5.70601100e-01
1506 6.48764800e-01
1507 5.83301900e-01
1508 6.04552600e-01
1509 6.27130600e-01
1510 6.91292700e-01
1511 5.73070700e-01
1512 7.12644000e-01
1513 5.74917200e-01
1514 6.29364800e-01
1515 6.22815700e-01
1516 6.61335100e-01
1517 5.99038000e-01
1518 6.02648500e-01
1519 6.21601900e-01
1520 6.27399900e-01
1521 6.40285500e-01
1522 6.57830800e-01
1523 6.55743200e-01
1524 6.42413600e-01
1525 6.35647700e-01
1526 5.65561500e-01
1527 6.36115900e-01
1528 6.24309900e-01
1529 6.25449700e-01
1530 6.78584700e-01
1531 6.48205900e-01
1532 6.00467400e-01
1533 6.46057000e-01
1534 6.97907300e-01
1535 5.99796700e-01
1536 5.32846400e-01
1537 6.39053600e-01
1538 8.26180400e-01
1539 7.65763400e-01
1540 7.07722100e-01
1541 7.88133300e-01
1542 6.09170300e-01
1543 8.46806400e-01
1544 6.76065000e-01
1545 5.95845900e-01
1546 6.26588000e-01
1547 6.05791000e-01
1548 6.62003200e-01
1549 6.93108100e-01
1550 7.46839500e-01
1551 6.45644200e-01
1552 7.10807700e-01
1553 7.44700500e-01
1554 6.63321300e-01
1555 6.22225300e-01
1556 6.26377000e-01
1557 6.32879300e-01
1558 6.71593300e-01
1559 6.35126500e-01
1560 6.10809400e-01
1561 6.66531800e-01
1562 6.96563800e-01
1563 6.81860900e-01
1564 6.65231700e-01
1565 6.65749400e-01
1566 6.41532300e-01
1567 6.15154200e-01
1568 6.58043400e-01
1569 5.53132100e-01
1570 8.05961700e-01
1571 7.43492900e-01
1572 6.08446700e-01
1573 6.65480000e-01
1574 6.92072500e-01
1575 6.64896900e-01
1576 5.99612900e-01
1577 6.75086700e-01
1578 5.68315400e-01
1579 5.92344300e-01
1580 4.88118700e-01
1581 6.66279400e-01
1582 7.92980800e-01
1583 5.98406400e-01
1584 6.48677100e-01
1585 6.11035200e-01
1586 6.02006600e-01
1587 7.00666500e-01
1588 7.67641800e-01
1589 7.60599600e-01
1590 7.43022600e-01
1591 6.94672700e-01
1592 6.46239100e-01
1593 7.42656200e-01
1594 7.18877300e-01
1595 6.41150900e-01
1596 6.99558500e-01
1597 6.36393800e-01
1598 6.27937900e-01
1599 6.98650500e-01
1600 6.91136300e-01
1601 7.82257600e-01
1602 1.00212170e+00
1603 7.74751100e-01
1604 6.10863300e-01
1605 7.96440000e-01
1606 7.39784900e-01
1607 6.49897500e-01
1608 6.54441200e-01
1609 7.24779600e-01
1610 6.51293900e-01
1611 6.72671100e-01
1612 6.11377100e-01
1613 8.13408100e-01
1614 6.41739800e-01
1615 5.92442400e-01
1616 6.33826000e-01
1617 6.65698600e-01
1618 5.67188500e-01
1619 7.89277000e-01
1620 7.51109500e-01
1621 7.36999700e-01
1622 5.47882100e-01
1623 6.12784100e-01
1624 6.83712200e-01
1625 5.89996500e-01
1626 6.69986600e-01
1627 6.23370700e-01
1628 6.05611500e-01
1629 6.01281400e-01
1630 6.29025300e-01
1631 6.99368900e-01
1632 6.85421600e-01
1633 7.39504200e-01
1634 6.15984500e-01
1635 6.11706600e-01
1636 5.65238400e-01
1637 7.05182800e-01
1638 7.38972200e-01
1639 7.00790100e-01
1640 6.74552200e-01
1641 5.31589500e-01
1642 5.93921800e-01
1643 5.58271200e-01
1644 6.52950000e-01
1645 5.69625700e-01
1646 6.14685900e-01
1647 6.03409700e-01
1648 6.29286400e-01
1649 6.42776400e-01
1650 6.65288300e-01
1651 6.78984500e-01
1652 5.64877700e-01
1653 5.71852300e-01
1654 5.02045600e-01
1655 6.34865900e-01
1656 6.31079100e-01
1657 6.17009700e-01
1658 6.05635500e-01
1659 5.28238500e-01
1660 5.22580600e-01
1661 5.46093900e-01
1662 6.21567100e-01
1663 6.74601600e-01
1664 6.72368600e-01
1665 6.55988300e-01
1666 5.95447000e-01
1667 6.05444800e-01
1668 6.67418400e-01
1669 6.03787200e-01
1670 5.96409600e-01
1671 6.66062200e-01
1672 5.68859200e-01
1673 5.58751400e-01
1674 6.02673700e-01
1675 6.54898500e-01
1676 5.93311700e-01
1677 5.98593500e-01
1678 6.52107600e-01
1679 5.81620400e-01
1680 5.67168300e-01
1681 6.21324600e-01
1682 6.10566500e-01
1683 6.20987700e-01
1684 6.48491100e-01
1685 6.49139100e-01
1686 7.45899700e-01
1687 8.89660700e-01
1688 7.50605100e-01
1689 5.81048400e-01
1690 5.93888500e-01
1691 7.43931800e-01
1692 6.15386800e-01
1693 6.33390400e-01
1694 7.14179100e-01
1695 5.84909200e-01
1696 7.11385400e-01
1697 6.27028800e-01
1698 6.21005100e-01
1699 7.29485700e-01
1700 7.12681200e-01
1701 6.28228800e-01
1702 6.23865700e-01
1703 6.97156300e-01
1704 5.96959000e-01
1705 7.07092600e-01
1706 6.88012100e-01
1707 7.47834000e-01
1708 7.23322200e-01
1709 5.98800000e-01
1710 6.57657800e-01
1711 6.20278200e-01
1712 6.51007500e-01
1713 6.38076900e-01
1714 5.94129100e-01
1715 5.66243900e-01
1716 6.88416100e-01
1717 7.69360400e-01
1718 6.98508200e-01
1719 6.56838300e-01
1720 6.27420700e-01
1721 6.34286500e-01
1722 6.68220900e-01
1723 6.38350300e-01
1724 6.46178400e-01
1725 6.47714600e-01
1726 6.00836500e-01
1727 6.01128200e-01
1728 6.12499600e-01
1729 6.17019900e-01
1730 6.08803600e-01
1731 6.45747000e-01
1732 5.81290700e-01
1733 6.67824700e-01
1734 6.29086100e-01
1735 5.87312900e-01
1736 7.28033700e-01
1737 6.77032900e-01
1738 6.22815100e-01
1739 5.99750800e-01
1740 5.68425200e-01
1741 5.35697500e-01
1742 5.73986100e-01
1743 6.83961700e-01
1744 6.94178800e-01
1745 6.24951200e-01
1746 6.47407900e-01
1747 6.39830300e-01
1748 6.31404500e-01
1749 8.09395500e-01
1750 6.28959800e-01
1751 6.02020200e-01
1752 6.99698700e-01
1753 7.77779000e-01
1754 7.06131700e-01
1755 7.32815500e-01
1756 6.02243300e-01
1757 7.08518600e-01
1758 6.74905100e-01
1759 6.37614200e-01
1760 7.41479000e-01
1761 7.74917900e-01
1762 5.53711100e-01
1763 5.89490800e-01
1764 6.38276100e-01
1765 7.74253000e-01
1766 8.18888100e-01
1767 7.63247200e-01
1768 7.32257400e-01
1769 6.15246400e-01
1770 6.81414500e-01
1771 6.52001300e-01
1772 6.18421500e-01
1773 6.83160900e-01
1774 5.93443400e-01
1775 6.31536000e-01
1776 5.17287700e-01
1777 6.19282300e-01
1778 7.01249600e-01
1779 7.11859300e-01
1780 6.68004500e-01
1781 7.25221100e-01
1782 6.14162900e-01
1783 6.94955400e-01
1784 6.63940700e-01
1785 7.31906000e-01
1786 6.20758300e-01
1787 6.10642100e-01
1788 6.21176400e-01
1789 6.90711000e-01
1790 6.22504200e-01
1791 6.39022900e-01
1792 6.96646200e-01
1793 5.87248600e-01
1794 6.57752600e-01
1795 7.89930200e-01
1796 7.27167100e-01
1797 6.66106100e-01
1798 6.80464500e-01
1799 6.05520900e-01
1800 5.53205400e-01
1801 7.29420100e-01
1802 6.69569800e-01
1803 6.13916300e-01
1804 6.48452100e-01
1805 6.47958300e-01
1806 6.29255400e-01
1807 6.29216500e-01
1808 5.77554900e-01
1809 6.49115100e-01
1810 6.25933700e-01
1811 5.93615000e-01
1812 6.49039000e-01
1813 5.18304800e-01
1814 5.74048000e-01
1815 6.41559600e-01
1816 7.40623900e-01
1817 6.74920100e-01
1818 6.10409800e-01
1819 6.58941100e-01
1820 6.19345000e-01
1821 6.05123000e-01
1822 6.77659900e-01
1823 6.58562700e-01
1824 5.60500600e-01
1825 6.14798400e-01
1826 5.94539000e-01
1827 6.60252100e-01
1828 5.48103200e-01
1829 5.85177100e-01
1830 6.27397200e-01
1831 6.40138400e-01
1832 6.29957700e-01
1833 6.11416200e-01
1834 6.58563400e-01
1835 6.73436900e-01
1836 7.03305000e-01
1837 6.69389800e-01
1838 7.50791000e-01
1839 5.93015600e-01
1840 7.59803200e-01
1841 6.93149300e-01
1842 6.52698500e-01
1843 7.51180500e-01
1844 5.27463200e-01
1845 6.41948600e-01
1846 6.40725200e-01
1847 8.24797400e-01
1848 6.90941700e-01
1849 5.89915500e-01
1850 5.77092200e-01
1851 7.25412900e-01
1852 6.24722500e-01
1853 6.59282200e-01
1854 6.47253900e-01
1855 5.54252600e-01
1856 5.43827600e-01
1857 6.68740800e-01
1858 6.14399500e-01
1859 7.60265600e-01
1860 6.76503400e-01
1861 6.96003700e-01
1862 5.76305900e-01
1863 6.72092500e-01
1864 6.85905100e-01
1865 6.59001200e-01
1866 6.84937500e-01
1867 5.88253500e-01
1868 6.68863000e-01
1869 6.52509400e-01
1870 5.82595400e-01
1871 6.57106800e-01
1872 5.43467600e-01
1873 6.16188400e-01
1874 7.13282700e-01
1875 6.16902600e-01
1876 6.31170700e-01
1877 6.93213000e-01
1878 6.00897600e-01
1879 5.74918700e-01
1880 6.45936000e-01
1881 5.98918000e-01
1882 5.86517400e-01
1883 6.26559200e-01
1884 6.76976300e-01
1885 5.91249500e-01
1886 6.66182000e-01
1887 6.63979300e-01
1888 6.19814600e-01
1889 6.11096400e-01
1890 6.61140400e-01
1891 6.16549600e-01
1892 6.62415200e-01
1893 6.42320000e-01
1894 6.19918900e-01
1895 5.98190400e-01
1896 6.03723400e-01
1897 6.51257200e-01
1898 6.46386100e-01
1899 6.64648100e-01
1900 6.53737000e-01
1901 6.03627900e-01
1902 6.27219600e-01
1903 6.40621700e-01
1904 6.55748800e-01
1905 6.03551500e-01
1906 6.02753900e-01
1907 6.12570900e-01
1908 6.10552900e-01
1909 6.09081400e-01
1910 5.74705900e-01
1911 6.83560400e-01
1912 6.31037900e-01
1913 6.69960800e-01
1914 6.91193800e-01
1915 8.10432800e-01
1916 6.46824800e-01
1917 6.03055100e-01
1918 6.09048900e-01
1919 6.06427900e-01
1920 6.82901400e-01
1921 7.66129700e-01
1922 7.45969900e-01
1923 6.50108600e-01
1924 6.39919400e-01
1925 6.29467500e-01
1926 5.45506500e-01
1927 6.41277000e-01
1928 8.38023500e-01
1929 7.48628100e-01
1930 7.39952100e-01
1931 8.53020800e-01
1932 6.74882500e-01
1933 6.94934600e-01
1934 6.92798800e-01
1935 6.30090200e-01
1936 6.80944800e-01
1937 6.94867000e-01
1938 5.67774700e-01
1939 7.16536200e-01
1940 7.45855500e-01
1941 6.91487900e-01
1942 6.02737900e-01
1943 7.38166000e-01
1944 6.49248900e-01
1945 6.72362700e-01
1946 6.07041200e-01
1947 7.46272400e-01
1948 7.65925900e-01
1949 6.07272200e-01
1950 6.29458000e-01
1951 7.05637100e-01
1952 6.71011200e-01
1953 6.42074200e-01
1954 6.85773500e-01
1955 6.56347300e-01
1956 6.75419100e-01
1957 6.00535500e-01
1958 7.35653600e-01
1959 7.20594600e-01
1960 7.36180400e-01
1961 6.90112100e-01
1962 6.93300900e-01
1963 6.59645300e-01
1964 5.89627100e-01
1965 6.49816000e-01
1966 8.18939700e-01
1967 7.35003700e-01
1968 6.33273700e-01
1969 7.15995100e-01
1970 5.20877700e-01
1971 5.48053200e-01
1972 7.28865700e-01
1973 6.17513400e-01
1974 5.69102400e-01
1975 6.73227300e-01
1976 6.12066600e-01
1977 5.46743700e-01
1978 5.64130800e-01
1979 6.85574100e-01
1980 6.89890200e-01
1981 6.38786500e-01
1982 5.93245200e-01
1983 5.71885800e-01
1984 6.42078000e-01
1985 6.27825600e-01
1986 5.72007100e-01
1987 7.29947300e-01
1988 7.30765700e-01
1989 7.71416800e-01
1990 6.71414200e-01
1991 5.77652800e-01
1992 7.12481800e-01
1993 7.22474000e-01
1994 7.65609100e-01
1995 6.60170600e-01
1996 6.56949100e-01
1997 6.19116100e-01
1998 5.79660600e-01
1999 8.32175200e-01
2000 6.03369300e-01
2001 6.94024500e-01
2002 6.08753500e-01
2003 5.49378400e-01
2004 5.92019500e-01
2005 5.88325100e-01
2006 5.84094900e-01
2007 6.95094100e-01
2008 6.16405600e-01
2009 6.71965700e-01
2010 6.25045500e-01
2011 6.09790200e-01
2012 6.08827400e-01
2013 6.59291200e-01
2014 6.40276400e-01
2015 6.37156500e-01
2016 7.30939400e-01
2017 7.70420900e-01
2018 6.38542600e-01
2019 5.68766700e-01
2020 6.19596900e-01
2021 6.18457100e-01
2022 5.91674600e-01
2023 6.02403700e-01
2024 6.04097400e-01
2025 7.56605700e-01
2026 6.46083300e-01
2027 6.51131200e-01
2028 6.68447800e-01
2029 6.75849200e-01
2030 6.67840000e-01
2031 5.89861500e-01
2032 5.48136800e-01
2033 6.30418700e-01
2034 5.79181600e-01
2035 6.06736900e-01
2036 5.32026800e-01
2037 7.09323500e-01
2038 5.48943000e-01
2039 6.25309400e-01
2040 5.59817300e-01
2041 5.14533000e-01
2042 5.61655800e-01
2043 6.56100000e-01
2044 5.61696300e-01
2045 5.89749400e-01
2046 6.58679000e-01
2047 6.09237800e-01
2048 6.17676000e-01
2049 7.23596500e-01
2050 6.51761600e-01
2051 6.01113200e-01
2052 5.79434100e-01
2053 5.74044500e-01
2054 5.74143500e-01
2055 6.44467600e-01
2056 5.57430900e-01
2057 6.12734300e-01
2058 5.26408800e-01
2059 7.44342500e-01
2060 6.11944000e-01
2061 5.92815000e-01
2062 6.01404800e-01
2063 6.76597400e-01
2064 5.91511000e-01
2065 6.46424000e-01
2066 5.55097700e-01
2067 6.66692700e-01
2068 6.30044700e-01
2069 5.65829300e-01
2070 5.75334400e-01
2071 6.30025700e-01
2072 6.66082000e-01
2073 5.61541200e-01
2074 6.07053500e-01
2075 6.76726300e-01
2076 6.07079800e-01
2077 6.51170200e-01
2078 6.69339600e-01
2079 5.69302400e-01
2080 5.62147500e-01
2081 6.42713500e-01
2082 7.50947400e-01
2083 7.03204200e-01
2084 7.83816000e-01
2085 5.96962100e-01
2086 5.10439400e-01
2087 5.69596200e-01
2088 5.89322700e-01
2089 6.55476500e-01
2090 7.36517100e-01
2091 7.32508700e-01
2092 7.92750600e-01
2093 6.68394700e-01
2094 5.88669000e-01
2095 6.85640300e-01
2096 7.78094400e-01
2097 8.24074000e-01
2098 8.08197200e-01
2099 6.86756700e-01
2100 5.71932200e-01
2101 4.94985000e-01
2102 6.46285400e-01
2103 7.33599500e-01
2104 7.71387700e-01
2105 6.13666100e-01
2106 6.04389700e-01
2107 5.62459300e-01
2108 6.06846600e-01
2109 7.02832400e-01
2110 6.41751500e-01
2111 6.05401500e-01
2112 5.41420600e-01
2113 6.38260700e-01
2114 7.09156800e-01
2115 1.16558850e+00
2116 1.46486100e+00
2117 8.25976700e-01
2118 6.79839100e-01
2119 5.51518700e-01
2120 7.20530100e-01
2121 5.72607800e-01
2122 7.39468100e-01
2123 6.47730500e-01
2124 7.33959600e-01
2125 6.43364700e-01
2126 6.81293500e-01
2127 6.14730600e-01
2128 7.34459500e-01
2129 7.64253600e-01
2130 7.30275600e-01
2131 6.88353300e-01
2132 6.15077700e-01
2133 6.59643400e-01
2134 6.85368300e-01
2135 6.42890600e-01
2136 7.21496200e-01
2137 7.30270700e-01
2138 6.91063900e-01
2139 7.33209600e-01
2140 6.24268900e-01
2141 6.84076100e-01
2142 6.26252000e-01
2143 7.23139500e-01
2144 7.96151200e-01
2145 7.75156800e-01
2146 8.14826600e-01
2147 7.29288200e-01
2148 6.25314200e-01
2149 7.54859900e-01
2150 7.36343600e-01
2151 8.70945900e-01
2152 7.39756900e-01
2153 6.34734200e-01
2154 4.90848400e-01
2155 6.95843100e-01
2156 6.60493800e-01
2157 1.00094450e+00
2158 2.20645380e+00
2159 6.59837500e-01
2160 5.85631700e-01
2161 6.04835000e-01
2162 6.29502200e-01
2163 6.39341700e-01
2164 6.82978800e-01
2165 6.17008300e-01
2166 5.97754700e-01
2167 6.19040500e-01
2168 5.40183200e-01
2169 6.46171800e-01
2170 5.87808500e-01
2171 6.26780800e-01
2172 6.75534500e-01
2173 6.73735500e-01
2174 6.03904400e-01
2175 6.56721900e-01
2176 5.75175600e-01
2177 7.15167400e-01
2178 6.65826200e-01
2179 6.59632500e-01
2180 5.29086700e-01
2181 6.09097700e-01
2182 6.37358200e-01
2183 5.74856600e-01
2184 6.84324700e-01
2185 6.89895300e-01
2186 6.30071900e-01
2187 5.80677000e-01
2188 5.78430100e-01
2189 5.84878900e-01
2190 6.40621000e-01
2191 6.13893500e-01
2192 6.10095000e-01
2193 6.78555400e-01
2194 6.12031500e-01
2195 6.52279700e-01
2196 6.30167500e-01
2197 6.65964800e-01
2198 5.98007400e-01
2199 6.82137100e-01
2200 6.46141500e-01
2201 7.24664700e-01
2202 5.33435800e-01
2203 7.04086600e-01
2204 6.48440200e-01
2205 6.04043400e-01
2206 6.79876300e-01
2207 6.33535900e-01
2208 6.88753100e-01
2209 5.28959000e-01
2210 6.19721200e-01
2211 5.39257700e-01
2212 6.67626600e-01
2213 6.50375500e-01
2214 6.41235700e-01
2215 6.39641600e-01
2216 6.12225600e-01
2217 6.54984900e-01
2218 6.01510500e-01
2219 6.48769800e-01
2220 5.40617100e-01
2221 6.08899200e-01
2222 6.06217200e-01
2223 6.20131700e-01
2224 7.04190600e-01
2225 6.03373300e-01
2226 6.32175700e-01
2227 5.77617000e-01
2228 6.52375700e-01
2229 5.91832300e-01
2230 6.04276300e-01
2231 6.37476600e-01
2232 5.70986400e-01
2233 6.72932700e-01
2234 7.79560800e-01
2235 7.03171700e-01
2236 7.39318200e-01
2237 6.50505100e-01
2238 6.37541100e-01
2239 7.76997700e-01
2240 6.88580900e-01
2241 7.04312200e-01
2242 6.79933500e-01
2243 6.07950800e-01
2244 6.35351500e-01
2245 6.65473400e-01
2246 6.97194700e-01
2247 8.10689000e-01
2248 6.09512100e-01
2249 5.64144000e-01
2250 7.28213600e-01
2251 7.23758000e-01
2252 7.46729600e-01
2253 7.65189300e-01
2254 5.82315200e-01
2255 5.89861900e-01
2256 6.61700800e-01
2257 7.03637400e-01
2258 6.79671600e-01
2259 6.42989700e-01
2260 6.43265500e-01
2261 5.22889400e-01
2262 6.65324000e-01
2263 6.91065000e-01
2264 6.81551000e-01
2265 6.74518900e-01
2266 6.50980900e-01
2267 5.58943900e-01
2268 7.20206300e-01
2269 7.24702000e-01
2270 6.76073700e-01
2271 6.94566400e-01
2272 6.67981700e-01
2273 5.81548600e-01
2274 7.10826600e-01
2275 5.33034200e-01
2276 6.01367800e-01
2277 5.90513400e-01
2278 8.06406900e-01
2279 7.50365000e-01
2280 8.32635400e-01
2281 7.94671100e-01
2282 6.38367800e-01
2283 7.20166000e-01
2284 8.07129100e-01
2285 8.19721300e-01
2286 7.95864700e-01
2287 6.61714700e-01
2288 6.56483000e-01
2289 7.41589700e-01
2290 8.87251700e-01
2291 7.21011300e-01
2292 7.31374100e-01
2293 5.62658900e-01
2294 6.29040200e-01
2295 7.59739200e-01
2296 6.74537000e-01
2297 7.06904700e-01
2298 6.71515500e-01
2299 5.70568100e-01
2300 7.44025500e-01
2301 6.70408500e-01
2302 6.49630400e-01
2303 6.35223700e-01
2304 6.79606200e-01
2305 6.96284600e-01
2306 6.98747000e-01
2307 6.75689600e-01
2308 6.33589100e-01
2309 5.54462900e-01
2310 6.34975700e-01
2311 6.17645700e-01
2312 6.61580700e-01
2313 6.61194900e-01
2314 7.36139200e-01
2315 6.23430400e-01
2316 7.13981300e-01
2317 6.46827800e-01
2318 6.93012700e-01
2319 7.22052600e-01
2320 6.31273500e-01
2321 6.13101600e-01
2322 6.23762200e-01
2323 6.09351500e-01
2324 6.51912000e-01
2325 6.56162300e-01
2326 6.31860600e-01
2327 6.87175300e-01
2328 6.61444800e-01
2329 6.45637000e-01
2330 6.40743800e-01
2331 5.99192900e-01
2332 5.95325700e-01
2333 6.15698900e-01
2334 6.12099900e-01
2335 6.17452300e-01
2336 6.12912300e-01
2337 6.69485500e-01
2338 6.50383200e-01
2339 6.43475400e-01
2340 7.03368100e-01
2341 6.08105600e-01
2342 6.78142300e-01
2343 5.76088600e-01
2344 6.89277800e-01
2345 6.65011000e-01
2346 6.41091200e-01
2347 6.46785100e-01
2348 6.51609200e-01
2349 6.20360300e-01
2350 5.52352900e-01
2351 6.35082300e-01
2352 6.33740100e-01
2353 6.20233600e-01
2354 6.68404700e-01
2355 6.13565600e-01
2356 6.08133900e-01
2357 5.21246800e-01
2358 6.92541800e-01
2359 5.60512600e-01
2360 6.86505100e-01
2361 7.29905700e-01
2362 6.23285300e-01
2363 6.52041900e-01
2364 6.91836600e-01
2365 6.62801600e-01
2366 6.90646400e-01
2367 6.98532600e-01
2368 6.45319600e-01
2369 5.69009900e-01
2370 6.32399600e-01
2371 6.68112500e-01
2372 6.44072400e-01
2373 6.83391200e-01
2374 6.71414200e-01
2375 6.36862300e-01
2376 6.23236800e-01
2377 6.78677200e-01
2378 6.15817900e-01
2379 6.12665500e-01
2380 5.96631900e-01
2381 6.26717700e-01
2382 5.59391600e-01
2383 6.74146000e-01
2384 5.49868600e-01
2385 6.41513900e-01
2386 6.12225500e-01
2387 6.17028100e-01
2388 6.77177400e-01
2389 5.87630500e-01
2390 6.44214900e-01
2391 6.37679900e-01
2392 7.56849400e-01
2393 7.71917900e-01
2394 7.27001400e-01
2395 6.33533300e-01
2396 5.76746700e-01
2397 7.28022500e-01
2398 6.27634200e-01
2399 6.68517400e-01
2400 7.08104500e-01
2401 5.79126500e-01
2402 6.91975900e-01
2403 8.11702400e-01
2404 7.51543100e-01
2405 7.94515600e-01
2406 7.64933300e-01
2407 6.97273100e-01
2408 6.98244000e-01
2409 7.87656100e-01
2410 8.03629100e-01
2411 6.75232400e-01
2412 6.46334400e-01
2413 5.96062100e-01
2414 7.08906700e-01
2415 7.19314400e-01
2416 6.18688800e-01
2417 6.49692700e-01
2418 6.03258800e-01
2419 6.33779700e-01
2420 7.33973600e-01
2421 7.22134400e-01
2422 6.40631500e-01
2423 6.53874800e-01
2424 5.18770000e-01
2425 7.57674100e-01
2426 8.00014100e-01
2427 5.91762400e-01
2428 6.08507500e-01
2429 6.97883400e-01
2430 7.00865200e-01
2431 8.59620300e-01
2432 7.91821500e-01
2433 6.98425200e-01
2434 6.71281400e-01
2435 7.75756100e-01
2436 7.29346900e-01
2437 9.02294800e-01
2438 7.53023700e-01
2439 6.47945100e-01
2440 8.11559800e-01
2441 6.34961700e-01
2442 7.39187400e-01
2443 7.26853700e-01
2444 5.60713800e-01
2445 6.29344200e-01
2446 6.45738400e-01
2447 6.77946000e-01
2448 6.52095900e-01
2449 6.94210800e-01
2450 6.84746400e-01
2451 7.08987400e-01
2452 6.74426700e-01
2453 6.65412900e-01
2454 6.16874000e-01
2455 6.65381300e-01
2456 6.87179600e-01
2457 5.80006800e-01
2458 5.95778200e-01
2459 6.88932400e-01
2460 6.47772900e-01
2461 6.95481000e-01
2462 6.99502500e-01
2463 7.16723400e-01
2464 7.23193000e-01
2465 7.68951300e-01
2466 5.98404800e-01
2467 6.39456200e-01
2468 5.93512900e-01
2469 6.47225600e-01
2470 6.19470100e-01
2471 6.19427300e-01
2472 5.60846500e-01
2473 6.91171800e-01
2474 5.75838200e-01
2475 6.23495400e-01
2476 6.19874300e-01
2477 6.78923700e-01
2478 6.30409500e-01
2479 5.95394300e-01
2480 6.33710400e-01
2481 5.67462400e-01
2482 5.45438100e-01
2483 6.33491400e-01
2484 6.75662800e-01
2485 5.72926200e-01
2486 6.52664900e-01
2487 7.52672400e-01
2488 6.27754800e-01
2489 6.76431100e-01
2490 6.91865600e-01
2491 6.36352700e-01
2492 6.78044300e-01
2493 6.26449300e-01
2494 6.82963000e-01
2495 5.89364400e-01
2496 6.78647500e-01
2497 6.53119300e-01
2498 6.60765700e-01
2499 6.32701500e-01
2500 5.95278100e-01
2501 6.43034400e-01
2502 6.05834500e-01
2503 6.80038200e-01
2504 5.78801400e-01
2505 5.96858600e-01
2506 6.75347600e-01
2507 6.65718500e-01
2508 7.06938600e-01
2509 6.01501700e-01
2510 6.37527900e-01
2511 6.09051300e-01
2512 6.58126800e-01
2513 5.59836200e-01
2514 6.46006400e-01
2515 6.06929800e-01
2516 7.53284400e-01
2517 6.34531900e-01
2518 6.36849100e-01
2519 6.88017200e-01
2520 6.44081900e-01
2521 6.22947400e-01
2522 6.91176300e-01
2523 6.49136400e-01
2524 6.83293000e-01
2525 7.27263500e-01
2526 5.79545900e-01
2527 6.24018400e-01
2528 6.47289500e-01
2529 6.27729800e-01
2530 6.00289500e-01
2531 5.94185200e-01
2532 7.22453400e-01
2533 6.12109700e-01
2534 7.30143300e-01
2535 5.46789700e-01
2536 6.46017500e-01
2537 5.88452700e-01
2538 7.17158600e-01
2539 7.00843200e-01
2540 6.12167500e-01
2541 6.24830200e-01
2542 7.05488700e-01
2543 5.63489300e-01
2544 6.04800400e-01
2545 6.86952100e-01
2546 6.72549500e-01
2547 7.01387300e-01
2548 6.33996300e-01
2549 6.62976800e-01
2550 7.24903600e-01
2551 6.44742100e-01
2552 6.76413700e-01
2553 8.15648800e-01
2554 5.98339400e-01
2555 6.16183700e-01
2556 6.15172300e-01
2557 6.51380400e-01
2558 6.94084500e-01
2559 6.89561100e-01
2560 6.42087500e-01
2561 6.71374200e-01
2562 7.75679700e-01
2563 8.19422600e-01
2564 8.21614900e-01
2565 6.83234200e-01
2566 6.00645900e-01
2567 7.46570200e-01
2568 7.10555400e-01
2569 5.99902400e-01
2570 5.91777700e-01
2571 7.04401000e-01
2572 6.40214900e-01
2573 7.64000600e-01
2574 6.66050200e-01
2575 6.31287900e-01
2576 7.54817600e-01
2577 7.28134200e-01
2578 8.17438000e-01
2579 7.78431800e-01
2580 7.16558900e-01
2581 8.27940900e-01
2582 6.80257500e-01
2583 7.29875600e-01
2584 7.20239900e-01
2585 7.31556000e-01
2586 7.15923900e-01
2587 7.04498100e-01
2588 7.33562200e-01
2589 7.49488900e-01
2590 8.01431700e-01
2591 7.13567500e-01
2592 6.64736100e-01
2593 7.55743600e-01
2594 6.97977400e-01
2595 6.63263400e-01
2596 7.69612700e-01
2597 6.29645500e-01
2598 6.46799300e-01
2599 6.05129600e-01
2600 7.12752000e-01
2601 7.48531100e-01
2602 7.43606400e-01
2603 6.00542100e-01
2604 6.37341800e-01
2605 6.35418800e-01
2606 6.31841600e-01
2607 6.57258900e-01
2608 6.26739400e-01
2609 6.52064700e-01
2610 6.82899200e-01
2611 6.52708500e-01
2612 7.68390700e-01
2613 7.11884000e-01
2614 6.70783700e-01
2615 5.37906200e-01
2616 5.82057800e-01
2617 6.83505900e-01
2618 6.80045700e-01
2619 5.04823600e-01
2620 5.81457600e-01
2621 6.37178900e-01
2622 6.78068000e-01
2623 6.56711600e-01
2624 7.11616900e-01
2625 6.64439100e-01
2626 7.38105600e-01
2627 5.72795300e-01
2628 6.48506100e-01
2629 6.29242900e-01
2630 6.26638800e-01
2631 6.50801300e-01
2632 6.81535700e-01
2633 5.40460700e-01
2634 5.63362500e-01
2635 4.86726600e-01
2636 6.33845600e-01
2637 6.62634100e-01
2638 6.51646300e-01
2639 6.31044300e-01
2640 6.40405400e-01
2641 5.92117900e-01
2642 6.00579000e-01
2643 5.81228100e-01
2644 5.88796600e-01
2645 6.00453200e-01
2646 5.76301600e-01
2647 6.45863700e-01
2648 5.37895500e-01
2649 5.98032800e-01
2650 5.98897000e-01
2651 5.67051800e-01
2652 6.03403700e-01
2653 5.91250500e-01
2654 6.32013500e-01
2655 5.32455600e-01
2656 5.78835700e-01
2657 6.37023000e-01
2658 5.88015300e-01
2659 5.55404000e-01
2660 4.91566900e-01
2661 5.78367400e-01
2662 5.70636900e-01
2663 5.75221300e-01
2664 5.78070800e-01
2665 6.37806100e-01
2666 6.31830600e-01
2667 6.21491000e-01
2668 5.63538400e-01
2669 5.89416800e-01
2670 5.60295000e-01
2671 6.80201200e-01
2672 5.31052400e-01
2673 6.35203100e-01
2674 6.02986900e-01
2675 6.56950300e-01
2676 6.10021600e-01
2677 5.74804500e-01
2678 5.76081400e-01
2679 6.26326900e-01
2680 6.26016700e-01
2681 5.68133200e-01
2682 5.70327100e-01
2683 6.47284700e-01
2684 5.66174700e-01
2685 5.80575000e-01
2686 5.52536200e-01
2687 6.22800900e-01
2688 6.57741800e-01
2689 6.26777100e-01
2690 5.63771300e-01
2691 6.62908200e-01
2692 6.22301600e-01
2693 6.79317000e-01
2694 5.89331800e-01
2695 6.25292400e-01
2696 6.01028300e-01
2697 6.66030100e-01
2698 6.22975100e-01
2699 5.70345200e-01
2700 6.60713100e-01
2701 6.37313000e-01
2702 6.59874700e-01
2703 6.44500200e-01
2704 7.51643300e-01
2705 7.48393100e-01
2706 6.44516100e-01
2707 5.91216500e-01
2708 5.25068000e-01
2709 7.34964000e-01
2710 6.56853000e-01
2711 6.67244400e-01
2712 7.38873900e-01
2713 6.60664200e-01
2714 5.28010900e-01
2715 7.38419300e-01
2716 8.19670400e-01
2717 7.52784700e-01
2718 7.25555600e-01
2719 6.20768800e-01
2720 5.27997800e-01
2721 6.34744700e-01
2722 7.97043000e-01
2723 6.60543900e-01
2724 6.32813600e-01
2725 6.82540300e-01
2726 6.10982000e-01
2727 7.21255900e-01
2728 8.15946400e-01
2729 6.92550500e-01
2730 7.67130200e-01
2731 8.98142600e-01
2732 7.43544200e-01
2733 8.56713800e-01
2734 7.66802900e-01
2735 6.27994000e-01
2736 7.24061400e-01
2737 6.74885700e-01
2738 6.59563000e-01
2739 6.84969200e-01
2740 6.33626600e-01
2741 6.53505800e-01
2742 6.48505100e-01
2743 6.41737500e-01
2744 6.71750100e-01
2745 6.79684800e-01
2746 6.61451700e-01
2747 7.06095300e-01
2748 6.63648400e-01
2749 6.55246600e-01
2750 7.40982300e-01
2751 6.93044700e-01
2752 6.67773600e-01
2753 6.20863600e-01
2754 6.57989800e-01
2755 5.89780400e-01
2756 6.25627200e-01
2757 6.61245200e-01
2758 5.98805300e-01
2759 5.92680300e-01
2760 5.77284100e-01
2761 7.10881100e-01
2762 7.11440600e-01
2763 7.12681800e-01
2764 7.26544400e-01
2765 7.07513100e-01
2766 6.82379100e-01
2767 5.55857400e-01
2768 4.99143300e-01
2769 5.67300800e-01
2770 6.17360800e-01
2771 5.18495300e-01
2772 6.87280000e-01
2773 6.09167600e-01
2774 6.41635100e-01
2775 6.97588500e-01
2776 5.27803100e-01
2777 6.30506200e-01
2778 5.55472800e-01
2779 5.77470600e-01
2780 6.33255400e-01
2781 5.81495300e-01
2782 5.71207200e-01
2783 5.94695600e-01
2784 5.70102300e-01
2785 5.89461400e-01
2786 6.36834700e-01
2787 5.45006200e-01
2788 5.18746600e-01
2789 6.12347100e-01
2790 6.52284800e-01
2791 6.23346800e-01
2792 5.91278400e-01
2793 6.42470900e-01
2794 6.02810700e-01
2795 6.06318100e-01
2796 5.74092700e-01
2797 5.59752900e-01
2798 5.51212800e-01
2799 6.52996500e-01
2800 5.28031500e-01
2801 5.15715500e-01
2802 5.97155700e-01
2803 6.11446800e-01
2804 6.38437400e-01
2805 6.45602800e-01
2806 5.85453600e-01
2807 5.77889700e-01
2808 6.01137800e-01
2809 6.64238500e-01
2810 6.44467600e-01
2811 6.00923400e-01
2812 6.12860300e-01
2813 6.80777500e-01
2814 6.97103200e-01
2815 6.92405100e-01
2816 5.47365200e-01
2817 6.00853000e-01
2818 5.66356100e-01
2819 6.18613100e-01
2820 6.18534100e-01
2821 6.32757000e-01
2822 7.13380900e-01
2823 5.84661500e-01
2824 6.61940300e-01
2825 5.27329200e-01
2826 6.56141900e-01
2827 5.69039100e-01
2828 6.74482900e-01
2829 5.75128900e-01
2830 6.05642200e-01
2831 6.41321900e-01
2832 6.26487900e-01
2833 6.20067400e-01
2834 5.52267700e-01
2835 5.94632000e-01
2836 6.14770200e-01
2837 5.83014100e-01
2838 5.87423200e-01
2839 5.84034600e-01
2840 6.03313000e-01
2841 6.22951100e-01
2842 6.45958300e-01
2843 5.58064600e-01
2844 6.65169600e-01
2845 5.55394200e-01
2846 5.84949300e-01
2847 5.71577200e-01
2848 6.38271500e-01
2849 6.53770000e-01
2850 6.57343600e-01
2851 6.27221900e-01
2852 6.90792300e-01
2853 6.04676800e-01
2854 9.27692300e-01
2855 6.96974800e-01
2856 6.74489800e-01
2857 6.19964400e-01
2858 8.04008600e-01
2859 7.00578000e-01
2860 7.01668600e-01
2861 7.11190500e-01
2862 5.51708800e-01
2863 6.34210900e-01
2864 6.78623600e-01
2865 6.80461800e-01
2866 7.33918000e-01
2867 8.78309700e-01
2868 6.01820500e-01
2869 7.71649400e-01
2870 7.58522800e-01
2871 8.01029100e-01
2872 6.44854100e-01
2873 7.84503500e-01
2874 7.47824600e-01
2875 8.49244500e-01
2876 7.60660100e-01
2877 5.88236800e-01
2878 6.75397300e-01
2879 8.24140500e-01
2880 7.51604300e-01
2881 7.62129900e-01
2882 7.55008100e-01
2883 7.50905600e-01
2884 6.02495000e-01
2885 6.50903800e-01
2886 6.75111400e-01
2887 6.91096900e-01
2888 6.57784700e-01
2889 5.79963700e-01
2890 6.96639100e-01
2891 6.57582200e-01
2892 5.97917300e-01
2893 6.41282300e-01
2894 7.16128300e-01
2895 5.98246700e-01
2896 7.33982400e-01
2897 6.42917400e-01
2898 7.01368100e-01
2899 7.95654900e-01
2900 6.74618700e-01
2901 6.53742300e-01
2902 5.80737400e-01
2903 5.40804400e-01
2904 6.45645700e-01
2905 7.74197600e-01
2906 5.96344700e-01
2907 6.98647400e-01
2908 5.84599000e-01
2909 6.76569900e-01
2910 6.17869200e-01
2911 7.25816400e-01
2912 6.15874900e-01
2913 6.50462600e-01
2914 5.76601500e-01
2915 6.00984800e-01
2916 6.56635500e-01
2917 5.52585600e-01
2918 4.79222200e-01
2919 7.03509100e-01
2920 6.51140600e-01
2921 6.30367600e-01
2922 5.31336200e-01
2923 6.51469400e-01
2924 5.93214400e-01
2925 5.91857700e-01
2926 5.55048500e-01
2927 5.68974200e-01
2928 5.60029000e-01
2929 5.62428100e-01
2930 6.06908400e-01
2931 6.16230300e-01
2932 6.24150700e-01
2933 5.42517400e-01
2934 5.88961200e-01
2935 5.82785700e-01
2936 5.79015700e-01
2937 5.44739700e-01
2938 5.31550900e-01
2939 5.73888300e-01
2940 5.20517900e-01
2941 6.16017900e-01
2942 5.49485700e-01
2943 6.38058500e-01
2944 6.01952300e-01
2945 6.52830300e-01
2946 7.10118400e-01
2947 7.03069400e-01
2948 6.72761300e-01
2949 5.91791100e-01
2950 5.96363900e-01
2951 6.62642300e-01
2952 6.42594400e-01
2953 6.35287900e-01
2954 5.50562100e-01
2955 6.24794700e-01
2956 6.10111500e-01
2957 5.54401100e-01
2958 6.19170600e-01
2959 6.40882200e-01
2960 5.99261000e-01
2961 6.49031700e-01
2962 6.38151900e-01
2963 5.61170200e-01
2964 5.49493300e-01
2965 5.77217100e-01
2966 5.60501300e-01
2967 6.43521500e-01
2968 6.62517400e-01
2969 5.38528900e-01
2970 6.30475900e-01
2971 6.89697100e-01
2972 6.25513400e-01
2973 6.07227200e-01
2974 5.97235900e-01
2975 6.14404800e-01
2976 6.62802500e-01
2977 5.79682400e-01
2978 5.65094900e-01
2979 6.45017200e-01
2980 5.93772200e-01
2981 6.59194100e-01
2982 5.88258400e-01
2983 6.92302600e-01
2984 6.51414800e-01
2985 6.26074300e-01
2986 6.63957100e-01
2987 6.63068900e-01
2988 6.37162300e-01
2989 6.02417100e-01
2990 5.75496500e-01
2991 5.36122100e-01
2992 5.99425700e-01
2993 6.83408600e-01
2994 7.11776800e-01
2995 5.93781100e-01
2996 5.10932000e-01
2997 5.83386800e-01
2998 5.77988900e-01
2999 5.58524600e-01
3000 5.86658500e-01
3001 8.02838800e-01
3002 7.50735200e-01
3003 7.29398200e-01
3004 6.07648300e-01
3005 6.68731900e-01
3006 7.22768200e-01
3007 6.63962100e-01
3008 6.72113400e-01
3009 6.62899900e-01
3010 6.34892900e-01
3011 8.16450300e-01
3012 6.92686700e-01
3013 8.27961100e-01
3014 8.05388600e-01
3015 6.35608400e-01
3016 7.74510400e-01
3017 7.49751000e-01
3018 7.92244900e-01
3019 6.64200500e-01
3020 8.12485300e-01
3021 8.34877300e-01
3022 8.02626200e-01
3023 7.94566600e-01
3024 6.00594300e-01
3025 7.10655700e-01
3026 7.09764100e-01
3027 8.34052600e-01
3028 6.10074900e-01
3029 8.16986000e-01
3030 5.93536000e-01
3031 7.27124500e-01
3032 6.65963200e-01
3033 7.24671600e-01
3034 7.14551500e-01
3035 6.25940800e-01
3036 5.88152500e-01
3037 6.32768000e-01
3038 5.36676200e-01
3039 6.51749700e-01
3040 6.53875500e-01
3041 6.43526200e-01
3042 7.06257800e-01
3043 8.07074000e-01
3044 6.96624800e-01
3045 7.24819900e-01
3046 6.64129600e-01
3047 6.86223200e-01
3048 6.95346600e-01
3049 7.99555800e-01
3050 5.44011000e-01
3051 6.56401100e-01
3052 6.22002000e-01
3053 6.29786500e-01
3054 5.59804500e-01
3055 6.48261600e-01
3056 6.20850600e-01
3057 7.10633000e-01
3058 6.85038700e-01
3059 6.41065500e-01
3060 6.43380800e-01
3061 5.37746800e-01
3062 5.80846300e-01
3063 6.57672000e-01
3064 6.44972800e-01
3065 5.78604500e-01
3066 6.52683500e-01
3067 6.39665500e-01
3068 5.35281700e-01
3069 6.35881200e-01
3070 6.08194500e-01
3071 6.20573200e-01
3072 6.34648500e-01
3073 6.50593000e-01
3074 6.58249800e-01
3075 6.01517000e-01
3076 6.43924300e-01
3077 5.98171200e-01
3078 6.74657000e-01
3079 5.39706100e-01
3080 4.74964600e-01
3081 6.11367500e-01
3082 5.56257700e-01
3083 5.76811100e-01
3084 5.39298500e-01
3085 5.98217500e-01
3086 5.42833700e-01
3087 5.38563300e-01
3088 5.71164000e-01
3089 6.04809300e-01
3090 5.41904000e-01
3091 6.16460200e-01
3092 6.30990900e-01
3093 6.41076900e-01
3094 6.08131000e-01
3095 5.76000300e-01
3096 6.45782800e-01
3097 5.91597200e-01
3098 6.21862200e-01
3099 6.07658500e-01
3100 7.08697100e-01
3101 6.38604200e-01
3102 5.80258600e-01
3103 5.07068300e-01
3104 6.60706700e-01
3105 6.43907700e-01
3106 6.55491600e-01
3107 5.78610000e-01
3108 6.40977300e-01
3109 6.33688500e-01
3110 5.81591600e-01
3111 5.51796100e-01
3112 6.20266900e-01
3113 6.29313900e-01
3114 6.34421600e-01
3115 5.77305000e-01
3116 6.45603700e-01
3117 5.55541000e-01
3118 5.71790700e-01
3119 5.23612000e-01
3120 7.08153800e-01
3121 6.47590300e-01
3122 6.03655700e-01
3123 5.16337500e-01
3124 6.12554600e-01
3125 5.79176500e-01
3126 5.96539800e-01
3127 5.95423800e-01
3128 5.66300800e-01
3129 6.55611400e-01
3130 5.41849200e-01
3131 6.07739900e-01
3132 5.35568200e-01
3133 4.72223400e-01
3134 6.37875000e-01
3135 6.25477800e-01
3136 4.93918400e-01
3137 6.15627900e-01
3138 6.83018200e-01
3139 6.23844600e-01
3140 5.90418800e-01
3141 6.18612700e-01
3142 5.70222100e-01
3143 5.46517700e-01
3144 5.44283400e-01
3145 5.89396500e-01
3146 5.52908500e-01
3147 5.92424900e-01
3148 5.74241400e-01
3149 6.47252500e-01
3150 6.39750500e-01
3151 6.51942000e-01
3152 5.19814200e-01
3153 5.85834400e-01
3154 7.94120700e-01
3155 6.95590300e-01
3156 6.33128300e-01
3157 6.60058500e-01
3158 6.06281700e-01
3159 8.13096000e-01
3160 5.85657700e-01
3161 7.53219100e-01
3162 8.12171700e-01
3163 8.30074000e-01
3164 7.01895200e-01
3165 8.86038800e-01
3166 8.21202900e-01
3167 7.17170300e-01
3168 6.98708400e-01
3169 7.38433500e-01
3170 7.37355600e-01
3171 7.65002500e-01
3172 7.79672500e-01
3173 6.03619100e-01
3174 6.66913100e-01
3175 7.22709500e-01
3176 6.50437300e-01
3177 6.34657900e-01
3178 7.31077000e-01
3179 6.31560300e-01
3180 6.29077500e-01
3181 7.22071100e-01
3182 6.73375600e-01
3183 6.25982500e-01
3184 6.90589100e-01
3185 5.37254300e-01
3186 7.54806600e-01
3187 6.94930400e-01
3188 6.12407600e-01
3189 7.62930300e-01
3190 7.47326200e-01
3191 6.45396900e-01
3192 6.52914700e-01
3193 6.74001200e-01
3194 6.88001400e-01
3195 6.77843700e-01
3196 6.27801900e-01
3197 7.20346300e-01
3198 7.57222000e-01
3199 5.90703300e-01
3200 7.05035600e-01
3201 7.02543600e-01
3202 6.30625000e-01
3203 6.70760400e-01
3204 6.29814500e-01
3205 6.12876100e-01
3206 6.69688600e-01
3207 5.53766100e-01
3208 6.09068900e-01
3209 5.82607900e-01
3210 7.30174700e-01
3211 6.02732500e-01
3212 6.56898400e-01
3213 6.22228500e-01
3214 5.63664300e-01
3215 5.54946600e-01
3216 6.17985800e-01
3217 6.17590200e-01
3218 5.82089700e-01
3219 6.35521400e-01
3220 6.88051600e-01
3221 6.75176800e-01
3222 5.90536100e-01
3223 6.03875400e-01
3224 6.57713900e-01
3225 6.13358700e-01
3226 5.90760300e-01
3227 5.64574500e-01
3228 6.10441400e-01
3229 5.22748100e-01
3230 6.10790200e-01
3231 5.20967600e-01
3232 6.58672000e-01
3233 6.74535000e-01
3234 6.41639700e-01
3235 5.38655300e-01
3236 5.40961700e-01
3237 6.46723800e-01
3238 6.08785600e-01
3239 5.41894500e-01
3240 5.78465500e-01
3241 6.42986300e-01
3242 5.68103800e-01
3243 6.22505900e-01
3244 6.03399600e-01
3245 5.83663000e-01
3246 5.41601700e-01
3247 5.43645600e-01
3248 6.01271100e-01
3249 6.53780600e-01
3250 5.38010900e-01
3251 6.43663400e-01
3252 6.26058100e-01
3253 5.79261900e-01
3254 5.99546100e-01
3255 6.61406800e-01
3256 5.99230500e-01
3257 5.90109400e-01
3258 6.56394300e-01
3259 5.90581400e-01
3260 5.57835100e-01
3261 6.53308600e-01
3262 6.15066900e-01
3263 6.14044100e-01
3264 5.78278000e-01
3265 6.00206500e-01
3266 6.87716200e-01
3267 6.26870700e-01
3268 5.79455500e-01
3269 6.27469700e-01
3270 6.38474300e-01
3271 5.71291100e-01
3272 6.42561600e-01
3273 6.42965700e-01
3274 6.60802900e-01
3275 5.70144200e-01
3276 6.43012500e-01
3277 5.17634700e-01
3278 5.72787900e-01
3279 5.47158700e-01
3280 5.84654400e-01
3281 6.41758600e-01
3282 5.70196500e-01
3283 5.97755800e-01
3284 5.75875000e-01
3285 5.80705000e-01
3286 5.60064700e-01
3287 6.56945000e-01
3288 6.37596400e-01
3289 6.58259700e-01
3290 5.84782300e-01
3291 6.40324400e-01
3292 6.38701500e-01
3293 5.68201700e-01
3294 6.58900300e-01
3295 6.34801500e-01
3296 5.68915800e-01
3297 5.78773700e-01
3298 5.58294300e-01
3299 7.21181500e-01
3300 7.33095800e-01
3301 5.82134700e-01
3302 7.10425100e-01
3303 7.83723300e-01
3304 7.21514500e-01
3305 5.71191400e-01
3306 5.68481900e-01
3307 5.41559600e-01
3308 7.87374300e-01
3309 7.88907700e-01
3310 8.07042100e-01
3311 7.78659200e-01
3312 6.74303400e-01
3313 8.59718200e-01
3314 8.89052700e-01
3315 7.98358500e-01
3316 7.47686800e-01
3317 9.02376000e-01
3318 7.83211700e-01
3319 8.53528900e-01
3320 8.28299500e-01
3321 6.33887200e-01
3322 7.13006600e-01
3323 6.81125800e-01
3324 6.45352200e-01
3325 7.00665800e-01
3326 6.01684000e-01
3327 6.68894300e-01
3328 6.60995200e-01
3329 6.51566300e-01
3330 6.56630400e-01
3331 6.32298700e-01
3332 8.07215800e-01
3333 5.61926800e-01
3334 6.37689500e-01
3335 6.35198200e-01
3336 6.62738100e-01
3337 6.44790300e-01
3338 7.40679900e-01
3339 7.34154200e-01
3340 6.14802700e-01
3341 6.32983500e-01
3342 6.16878600e-01
3343 7.43577500e-01
3344 6.38924600e-01
3345 6.89425100e-01
3346 7.67996200e-01
3347 6.31949300e-01
3348 7.48766000e-01
3349 7.90979100e-01
3350 5.98283300e-01
3351 7.25822100e-01
3352 6.14883300e-01
3353 6.02188900e-01
3354 6.33426700e-01
3355 6.92778900e-01
3356 5.82121300e-01
3357 5.88917900e-01
3358 6.21420200e-01
3359 6.31902900e-01
3360 6.64159200e-01
3361 5.59244900e-01
3362 6.34859600e-01
3363 5.71423500e-01
3364 5.97124500e-01
3365 5.45538400e-01
3366 6.10818200e-01
3367 5.94679000e-01
3368 6.35594600e-01
3369 6.10347600e-01
3370 6.34743500e-01
3371 5.72974000e-01
3372 6.17016700e-01
3373 6.08436400e-01
3374 6.02719200e-01
3375 5.73998000e-01
3376 6.02875300e-01
3377 6.27421500e-01
3378 6.22647300e-01
3379 6.77048200e-01
3380 5.72959800e-01
3381 5.94120200e-01
3382 7.00777000e-01
3383 6.27947300e-01
3384 5.57250900e-01
3385 5.46803600e-01
3386 6.12322100e-01
3387 6.23145400e-01
3388 5.82130300e-01
3389 5.36034400e-01
3390 6.17924400e-01
3391 5.48014100e-01
3392 6.82372500e-01
3393 6.43558800e-01
3394 5.95653000e-01
3395 5.56361000e-01
3396 6.39231300e-01
3397 5.76408100e-01
3398 5.98576000e-01
3399 6.31048800e-01
3400 5.69264400e-01
3401 5.16925600e-01
3402 6.59844100e-01
3403 6.44119800e-01
3404 6.37613400e-01
3405 6.61999400e-01
3406 5.79474500e-01
3407 7.29958600e-01
3408 6.74784700e-01
3409 5.77254200e-01
3410 6.22231500e-01
3411 6.20577200e-01
3412 6.34780000e-01
3413 6.56647500e-01
3414 5.93131500e-01
3415 6.53888800e-01
3416 7.20742900e-01
3417 6.36767600e-01
3418 5.97374600e-01
3419 6.52023400e-01
3420 6.46462400e-01
3421 6.12410200e-01
3422 6.37938300e-01
3423 5.98016700e-01
3424 5.65719500e-01
3425 5.78551100e-01
3426 5.30562600e-01
3427 6.14090600e-01
3428 5.21732300e-01
3429 5.65143500e-01
3430 4.80517200e-01
3431 6.42985100e-01
3432 6.66166800e-01
3433 6.18181400e-01
3434 5.80124700e-01
3435 5.77118200e-01
3436 6.15335200e-01
3437 5.92496700e-01
3438 6.39026900e-01
3439 5.46242400e-01
3440 6.73572800e-01
3441 5.94805900e-01
3442 5.51516300e-01
3443 5.98946500e-01
3444 7.43240900e-01
3445 7.03807400e-01
3446 7.85107900e-01
3447 6.88849100e-01
3448 7.06897400e-01
3449 5.95623600e-01
3450 8.33229300e-01
3451 7.89220300e-01
3452 8.33167600e-01
3453 6.36598400e-01
3454 7.82677300e-01
3455 7.05650300e-01
3456 8.67383500e-01
3457 7.60765100e-01
3458 7.94338600e-01
3459 6.93917600e-01
3460 9.03451200e-01
3461 7.49402900e-01
3462 8.42984400e-01
3463 6.74370400e-01
3464 7.31592400e-01
3465 5.94114800e-01
3466 6.79766500e-01
3467 5.45194700e-01
3468 7.03473100e-01
3469 6.72976400e-01
3470 6.93428800e-01
3471 6.60800200e-01
3472 7.12199200e-01
3473 6.29369600e-01
3474 7.16472500e-01
3475 6.99874600e-01
3476 6.79649200e-01
3477 7.31431800e-01
3478 6.61203000e-01
3479 6.24731600e-01
3480 6.54300700e-01
3481 6.74385800e-01
3482 5.65958800e-01
3483 6.88701800e-01
3484 6.36096000e-01
3485 6.05376400e-01
3486 6.40311700e-01
3487 6.70331000e-01
3488 7.90361300e-01
3489 6.38013900e-01
3490 7.02071700e-01
3491 6.32038300e-01
3492 7.47817100e-01
3493 6.72749000e-01
3494 5.91690700e-01
3495 6.67452800e-01
3496 6.98082800e-01
3497 5.67326600e-01
3498 5.91984700e-01
3499 7.24801100e-01
3500 6.51582200e-01
3501 6.86544000e-01
3502 7.13170100e-01
3503 5.78840000e-01
3504 5.43623300e-01
3505 6.19066500e-01
3506 6.22882500e-01
3507 6.51247500e-01
3508 5.49115900e-01
3509 6.44456700e-01
3510 5.60879100e-01
3511 6.37170600e-01
3512 6.34326900e-01
3513 5.36849000e-01
3514 5.76010800e-01
3515 6.02874200e-01
3516 5.65824300e-01
3517 6.29665200e-01
3518 5.77580700e-01
3519 6.04825000e-01
3520 5.93016200e-01
3521 5.98667700e-01
3522 6.29927400e-01
3523 6.55653800e-01
3524 6.28905500e-01
3525 6.56444400e-01
3526 5.72084900e-01
3527 6.54809200e-01
3528 5.97724600e-01
3529 6.07453100e-01
3530 6.26723000e-01
3531 6.24758200e-01
3532 5.77333000e-01
3533 6.39359400e-01
3534 7.46105200e-01
3535 6.53770700e-01
3536 6.42624700e-01
3537 6.07916300e-01
3538 5.65366700e-01
3539 6.50342000e-01
3540 5.26675300e-01
3541 6.58280600e-01
3542 6.46920500e-01
3543 6.51402400e-01
3544 6.01955900e-01
3545 6.33415800e-01
3546 5.68251700e-01
3547 6.60909900e-01
3548 6.64822400e-01
3549 6.67142400e-01
3550 6.12531400e-01
3551 6.20867100e-01
3552 5.90123100e-01
3553 6.31423200e-01
3554 5.38883800e-01
3555 6.28387400e-01
3556 5.58517300e-01
3557 5.56915200e-01
3558 6.13815300e-01
3559 6.98990900e-01
3560 6.56721400e-01
3561 6.30328600e-01
3562 6.54341000e-01
3563 6.18455200e-01
3564 5.87218700e-01
3565 6.58084500e-01
3566 6.67160300e-01
3567 6.27165100e-01
3568 5.58310300e-01
3569 6.02904000e-01
3570 5.60823200e-01
3571 5.82470000e-01
3572 6.35115400e-01
3573 5.78273000e-01
3574 6.62617700e-01
3575 6.15979900e-01
3576 5.96216700e-01
3577 6.22551500e-01
3578 6.03563700e-01
3579 6.10452900e-01
3580 6.12374100e-01
3581 5.64726200e-01
3582 6.40782000e-01
3583 5.25617500e-01
3584 6.43384800e-01
3585 5.99439100e-01
3586 7.11303900e-01
3587 5.74089200e-01
3588 6.71477200e-01
3589 8.93316300e-01
3590 7.65959300e-01
3591 6.18602100e-01
3592 8.00947700e-01
3593 7.12610300e-01
3594 8.15117100e-01
3595 7.63525000e-01
3596 7.22176700e-01
3597 6.61995200e-01
3598 8.39227200e-01
3599 7.24190900e-01
3600 6.97249600e-01
3601 9.92439100e-01
3602 7.04227900e-01
3603 8.76757100e-01
3604 7.89497800e-01
3605 7.20401100e-01
3606 6.36152300e-01
3607 6.34520100e-01
3608 5.93468400e-01
3609 6.23525300e-01
3610 6.35013300e-01
3611 7.38797900e-01
3612 5.89547400e-01
3613 7.15265700e-01
3614 6.98586400e-01
3615 5.76504100e-01
3616 6.65027000e-01
3617 7.34210300e-01
3618 7.92960200e-01
3619 7.13171900e-01
3620 6.91051500e-01
3621 6.51920700e-01
3622 6.89366600e-01
3623 5.84497100e-01
3624 6.43377000e-01
3625 6.32892600e-01
3626 6.77710600e-01
3627 6.88563300e-01
3628 6.45499400e-01
3629 6.45353800e-01
3630 6.99976200e-01
3631 7.05122800e-01
3632 6.56390800e-01
3633 7.22545800e-01
3634 7.39335500e-01
3635 5.96452500e-01
3636 6.66300200e-01
3637 5.85793600e-01
3638 6.71820300e-01
3639 7.15373100e-01
3640 6.80858400e-01
3641 7.01386100e-01
3642 7.23935000e-01
3643 5.81250800e-01
3644 6.92433900e-01
3645 5.70021500e-01
3646 5.78536700e-01
3647 5.80287300e-01
3648 5.83897000e-01
3649 7.04221800e-01
3650 6.47571900e-01
3651 6.00261800e-01
3652 6.51769000e-01
3653 5.92075700e-01
3654 6.44200300e-01
3655 6.15910200e-01
3656 5.95785800e-01
3657 5.43329700e-01
3658 5.86375400e-01
3659 5.66645700e-01
3660 5.43440000e-01
3661 5.84527000e-01
3662 6.05607900e-01
3663 5.62247600e-01
3664 6.05684500e-01
3665 5.83832800e-01
3666 5.51799200e-01
3667 5.49389000e-01
3668 6.25454400e-01
3669 6.16294900e-01
3670 6.33793800e-01
3671 6.32547000e-01
3672 6.88100500e-01
3673 6.44654100e-01
3674 5.82809700e-01
3675 6.62593200e-01
3676 6.69405700e-01
3677 5.97194400e-01
3678 5.40935000e-01
3679 5.65797400e-01
3680 5.97724100e-01
3681 5.78622100e-01
3682 6.02648100e-01
3683 6.62211800e-01
3684 7.10828500e-01
3685 6.00750300e-01
3686 6.33319000e-01
3687 6.09042500e-01
3688 6.38596200e-01
3689 5.55526400e-01
3690 6.87010200e-01
3691 6.76914900e-01
3692 6.37429800e-01
3693 6.23158700e-01
3694 6.74002400e-01
3695 5.62926900e-01
3696 6.29256500e-01
3697 6.68469300e-01
3698 5.99110800e-01
3699 6.27028800e-01
3700 7.09016800e-01
3701 5.95446600e-01
3702 7.29584000e-01
3703 6.97447100e-01
3704 5.78357200e-01
3705 5.51556700e-01
3706 6.13809900e-01
3707 6.74290400e-01
3708 5.84585800e-01
3709 6.69927400e-01
3710 6.58136500e-01
3711 5.90033700e-01
3712 6.14818000e-01
3713 6.76479400e-01
3714 5.51440300e-01
3715 5.98345800e-01
3716 6.37628500e-01
3717 6.22872300e-01
3718 6.70948400e-01
3719 6.19683600e-01
3720 6.66364000e-01
3721 5.15410900e-01
3722 6.45102300e-01
3723 6.24557800e-01
3724 5.59341100e-01
3725 5.54025500e-01
3726 6.60568000e-01
3727 5.96387200e-01
3728 7.05788400e-01
3729 6.60413600e-01
3730 6.00428800e-01
3731 6.63591500e-01
3732 7.92377000e-01
3733 8.22530600e-01
3734 6.90429900e-01
3735 8.65539200e-01
3736 7.98169500e-01
3737 7.26664900e-01
3738 9.03576400e-01
3739 7.30707000e-01
3740 8.43718200e-01
3741 9.22045600e-01
3742 6.80492400e-01
3743 8.46362200e-01
3744 7.32012700e-01
3745 8.98093000e-01
3746 7.93916700e-01
3747 6.34409500e-01
3748 6.74261800e-01
3749 5.96366700e-01
3750 8.15442600e-01
3751 7.66861300e-01
3752 7.17129400e-01
3753 5.78593200e-01
3754 6.64677500e-01
3755 7.25637600e-01
3756 6.10261600e-01
3757 6.92258600e-01
3758 7.58957200e-01
3759 6.78971500e-01
3760 6.85825300e-01
3761 7.29447200e-01
3762 6.58030800e-01
3763 5.89843600e-01
3764 5.91293700e-01
3765 6.20005600e-01
3766 6.64719200e-01
3767 7.12408900e-01
3768 6.83273700e-01
3769 6.69187700e-01
3770 5.82783300e-01
3771 7.10576800e-01
3772 6.28704400e-01
3773 5.97279700e-01
3774 6.02790000e-01
3775 7.24704200e-01
3776 7.13294000e-01
3777 5.15691300e-01
3778 6.38288700e-01
3779 6.89944500e-01
3780 6.46720000e-01
3781 6.16154200e-01
3782 6.91474900e-01
3783 6.69883200e-01
3784 6.66356600e-01
3785 5.74377900e-01
3786 7.15996800e-01
3787 6.73023600e-01
3788 6.06233900e-01
3789 5.53985700e-01
3790 6.57510200e-01
3791 6.30408200e-01
3792 6.90887300e-01
3793 6.34982100e-01
3794 6.49858000e-01
3795 6.29699100e-01
3796 6.92243800e-01
3797 5.64763500e-01
3798 6.76486000e-01
3799 6.32163900e-01
3800 6.32144600e-01
3801 6.63334000e-01
3802 5.36112900e-01
3803 5.03887700e-01
3804 5.75396300e-01
3805 6.14593100e-01
3806 5.96718300e-01
3807 5.77276700e-01
3808 5.93955700e-01
3809 7.24564400e-01
3810 6.23810000e-01
3811 6.56329100e-01
3812 6.54303000e-01
3813 6.32555700e-01
3814 6.50357000e-01
3815 5.55977800e-01
3816 5.74869300e-01
3817 5.54075800e-01
3818 5.35388300e-01
3819 6.30094100e-01
3820 5.81377000e-01
3821 6.04634900e-01
3822 6.34100300e-01
3823 6.98437500e-01
3824 5.80352600e-01
3825 5.49032000e-01
3826 6.55852600e-01
3827 6.17901800e-01
3828 6.69235900e-01
3829 6.02850100e-01
3830 6.21883300e-01
3831 6.10026700e-01
3832 6.16381000e-01
3833 5.21303000e-01
3834 5.79753100e-01
3835 6.50881000e-01
3836 5.96317400e-01
3837 6.42560000e-01
3838 5.50447000e-01
3839 6.36886300e-01
3840 6.18779500e-01
3841 6.38626600e-01
3842 6.00609200e-01
3843 5.75671500e-01
3844 5.60515900e-01
3845 6.51378600e-01
3846 6.52041900e-01
3847 6.40840100e-01
3848 6.56506000e-01
3849 5.90298900e-01
3850 5.98286100e-01
3851 5.91935200e-01
3852 6.12015100e-01
3853 5.99725100e-01
3854 5.61960800e-01
3855 5.84460300e-01
3856 6.24732500e-01
3857 6.71421200e-01
3858 6.16956200e-01
3859 6.63913500e-01
3860 6.76098900e-01
3861 6.14230100e-01
3862 6.58813600e-01
3863 6.28620300e-01
3864 6.14346600e-01
3865 5.97394000e-01
3866 6.22804800e-01
3867 5.76652800e-01
3868 6.24725100e-01
3869 6.97184200e-01
3870 5.97658000e-01
3871 8.20105300e-01
3872 7.46855900e-01
3873 6.40595300e-01
3874 8.54099500e-01
3875 7.57248200e-01
3876 7.72324800e-01
3877 7.73534900e-01
3878 8.61187100e-01
3879 6.94365800e-01
3880 8.35473200e-01
3881 7.02948100e-01
3882 8.89007000e-01
3883 7.83078300e-01
3884 7.25786400e-01
3885 7.85453100e-01
3886 8.45824500e-01
3887 7.99075300e-01
3888 7.30445900e-01
3889 7.13885600e-01
3890 7.00816200e-01
3891 7.02410900e-01
3892 6.57905800e-01
3893 6.39161800e-01
3894 6.54532200e-01
3895 7.37759100e-01
3896 6.53403900e-01
3897 6.85198100e-01
3898 7.07198300e-01
3899 6.41280100e-01
3900 6.63799100e-01
3901 7.45342600e-01
3902 6.75385200e-01
3903 6.91872600e-01
3904 6.82707600e-01
3905 6.35142700e-01
3906 7.15691500e-01
3907 6.34017900e-01
3908 6.54845200e-01
3909 6.99010700e-01
3910 7.39060200e-01
3911 6.96215100e-01
3912 6.56668200e-01
3913 7.63690200e-01
3914 6.22280700e-01
3915 6.47450600e-01
3916 6.26036600e-01
3917 7.49612900e-01
3918 7.48076600e-01
3919 6.81383000e-01
3920 6.28473100e-01
3921 6.03349400e-01
3922 6.03756900e-01
3923 6.84970900e-01
3924 7.06825200e-01
3925 6.37028100e-01
3926 6.32674500e-01
3927 6.05262300e-01
3928 6.47576900e-01
3929 7.85165600e-01
3930 5.74452600e-01
3931 6.11780000e-01
3932 6.10974400e-01
3933 6.63435600e-01
3934 6.08176100e-01
3935 6.19750000e-01
3936 6.15699100e-01
3937 6.19473200e-01
3938 6.87812400e-01
3939 5.92341500e-01
3940 6.32216400e-01
3941 6.30230900e-01
3942 5.52389900e-01
3943 6.70328700e-01
3944 7.50121600e-01
3945 6.14886100e-01
3946 6.39040200e-01
3947 5.29268600e-01
3948 6.33707700e-01
3949 6.33424000e-01
3950 5.98729200e-01
3951 5.86714000e-01
3952 6.75957800e-01
3953 6.01632200e-01
3954 5.71238800e-01
3955 6.09745100e-01
3956 6.13617900e-01
3957 5.86612000e-01
3958 5.82238600e-01
3959 6.50067500e-01
3960 5.79714500e-01
3961 5.72804200e-01
3962 7.27559000e-01
3963 6.84993400e-01
3964 5.96429800e-01
3965 6.49324700e-01
3966 5.77313100e-01
3967 6.00903800e-01
3968 6.98882000e-01
3969 5.72698500e-01
3970 6.86239300e-01
3971 6.47780400e-01
3972 6.08255000e-01
3973 5.65810600e-01
3974 6.40947900e-01
3975 6.25398900e-01
3976 6.42624400e-01
3977 6.43985900e-01
3978 5.93079700e-01
3979 6.06554800e-01
3980 5.57601100e-01
3981 6.83303900e-01
3982 5.45224600e-01
3983 5.85031900e-01
3984 6.04037100e-01
3985 6.32390500e-01
3986 6.64366300e-01
3987 6.20454900e-01
3988 6.72045600e-01
3989 6.30640600e-01
3990 5.90306500e-01
3991 6.26935900e-01
3992 7.69674100e-01
3993 6.71301000e-01
3994 6.53631500e-01
3995 5.35821400e-01
3996 6.80530600e-01
3997 5.59896300e-01
3998 6.05952200e-01
3999 5.87789900e-01
4000 6.28248000e-01
4001 6.71175100e-01
4002 6.67145200e-01
4003 6.40283900e-01
4004 6.08051600e-01
4005 7.08470300e-01
4006 6.83610600e-01
4007 6.40903800e-01
4008 6.86998000e-01
4009 6.58910600e-01
4010 5.48082200e-01
4011 6.12690000e-01
4012 6.69196100e-01
4013 6.97627300e-01
4014 8.02064400e-01
4015 7.21488300e-01
4016 7.79796300e-01
4017 7.52664300e-01
4018 7.53048300e-01
4019 7.89869500e-01
4020 7.21700900e-01
4021 7.16437100e-01
4022 6.18159700e-01
4023 7.72832000e-01
4024 7.71651200e-01
4025 6.49394900e-01
4026 8.55836300e-01
4027 8.17319900e-01
4028 7.04241500e-01
4029 6.92334900e-01
4030 7.52475500e-01
4031 6.97804000e-01
4032 7.49961700e-01
4033 6.91890800e-01
4034 6.38473100e-01
4035 6.64322400e-01
4036 6.67654500e-01
4037 6.95017800e-01
4038 6.63985900e-01
4039 7.57148100e-01
4040 6.15440800e-01
4041 6.20569900e-01
4042 5.84425500e-01
4043 6.16647900e-01
4044 6.87551200e-01
4045 6.72935800e-01
4046 5.78569900e-01
4047 7.08654400e-01
4048 6.20353000e-01
4049 5.80008000e-01
4050 6.95224800e-01
4051 6.01017500e-01
4052 6.29185800e-01
4053 5.97877600e-01
4054 7.25090600e-01
4055 6.02749200e-01
4056 6.61238600e-01
4057 7.20579400e-01
4058 6.55906600e-01
4059 7.12782300e-01
4060 6.04975600e-01
4061 5.92394000e-01
4062 6.24687400e-01
4063 6.15599700e-01
4064 5.71629900e-01
4065 6.47367400e-01
4066 5.26265600e-01
4067 6.31311800e-01
4068 6.04870200e-01
4069 5.39266500e-01
4070 6.00272300e-01
4071 6.06636400e-01
4072 6.28921300e-01
4073 5.75709500e-01
4074 6.17181200e-01
4075 6.24517900e-01
4076 6.57144300e-01
4077 6.59942600e-01
4078 5.81033600e-01
4079 5.86296900e-01
4080 5.99460300e-01
4081 6.10150100e-01
4082 6.45563500e-01
4083 6.26232200e-01
4084 6.94946000e-01
4085 6.30334500e-01
4086 6.17483000e-01
4087 6.05930200e-01
4088 6.73601400e-01
4089 5.83433800e-01
4090 6.05053300e-01
4091 6.29060600e-01
4092 4.95345400e-01
4093 6.68618700e-01
4094 6.41465100e-01
4095 5.86975400e-01
4096 6.08823000e-01
4097 5.96050000e-01
4098 6.32013600e-01
4099 6.15274800e-01
4100 5.53903100e-01
4101 7.08589000e-01
4102 5.98082100e-01
4103 6.38464200e-01
4104 5.97200600e-01
4105 5.98507700e-01
4106 5.39503000e-01
4107 6.27956000e-01
4108 5.93570600e-01
4109 5.85063700e-01
4110 6.78808000e-01
4111 6.20827500e-01
4112 6.03440300e-01
4113 5.77852700e-01
4114 6.03868500e-01
4115 5.73322900e-01
4116 6.53911400e-01
4117 5.63492100e-01
4118 6.68636400e-01
4119 6.22860200e-01
4120 6.13660000e-01
4121 6.26224800e-01
4122 6.25364800e-01
4123 6.15682500e-01
4124 6.04456400e-01
4125 6.69422800e-01
4126 6.35238200e-01
4127 6.17909700e-01
4128 6.25765400e-01
4129 5.85838200e-01
4130 5.35018200e-01
4131 5.33638000e-01
4132 6.28985700e-01
4133 6.55648700e-01
4134 6.41936800e-01
4135 6.50798700e-01
4136 5.88015000e-01
4137 6.37990600e-01
4138 5.70265100e-01
4139 6.02330500e-01
4140 5.55266200e-01
4141 6.44150700e-01
4142 5.77238300e-01
4143 5.42460100e-01
4144 5.70246100e-01
4145 5.97568000e-01
4146 5.61331400e-01
4147 6.57653200e-01
4148 5.99848500e-01
4149 6.38844200e-01
4150 6.68894700e-01
4151 6.62709800e-01
4152 7.28535600e-01
4153 6.24576300e-01
4154 7.48527800e-01
4155 8.10527800e-01
4156 8.01731600e-01
4157 7.91648600e-01
4158 7.20728300e-01
4159 7.48997600e-01
4160 7.91065600e-01
4161 7.75939800e-01
4162 7.58630400e-01
4163 6.72089300e-01
4164 8.01718600e-01
4165 6.74862200e-01
4166 7.03570400e-01
4167 6.74631900e-01
4168 6.69723800e-01
4169 7.95716100e-01
4170 7.72564700e-01
4171 6.77054800e-01
4172 7.91053800e-01
4173 8.17465500e-01
4174 6.85822600e-01
4175 7.45237300e-01
4176 6.44446000e-01
4177 6.22858000e-01
4178 7.07975200e-01
4179 7.21855000e-01
4180 5.84977100e-01
4181 6.05513000e-01
4182 6.86242100e-01
4183 7.18714200e-01
4184 6.43487900e-01
4185 7.62920500e-01
4186 6.68988200e-01
4187 7.27672400e-01
4188 7.15418400e-01
4189 7.22926300e-01
4190 6.86552800e-01
4191 6.53631500e-01
4192 6.57554600e-01
4193 6.32948600e-01
4194 6.08276200e-01
4195 6.50170500e-01
4196 6.80011400e-01
4197 6.61271500e-01
4198 6.36868600e-01
4199 5.59124000e-01
4200 6.90145300e-01
4201 7.08460400e-01
4202 6.48776200e-01
4203 6.18829700e-01
4204 6.22023100e-01
4205 6.18918400e-01
4206 6.75001900e-01
4207 6.07678500e-01
4208 6.13362200e-01
4209 6.13101500e-01
4210 6.70842000e-01
4211 6.74831200e-01
4212 6.04289500e-01
4213 5.93515300e-01
4214 6.78614200e-01
4215 6.29574400e-01
4216 6.25035100e-01
4217 6.43801400e-01
4218 6.88271500e-01
4219 5.59516300e-01
4220 7.10875700e-01
4221 6.06282500e-01
4222 6.36577600e-01
4223 6.35554500e-01
4224 6.29739700e-01
4225 6.58273300e-01
4226 7.15359000e-01
4227 5.17353100e-01
4228 5.28029400e-01
4229 6.79306100e-01
4230 6.42436200e-01
4231 4.86434600e-01
4232 6.83165800e-01
4233 5.75036800e-01
4234 5.79876200e-01
4235 5.50252800e-01
4236 5.99509300e-01
4237 6.33306200e-01
4238 5.59024700e-01
4239 5.59023300e-01
4240 5.44398300e-01
4241 6.56946000e-01
4242 5.78559500e-01
4243 6.95644800e-01
4244 5.99220300e-01
4245 6.19789200e-01
4246 6.46065200e-01
4247 6.12957000e-01
4248 5.70034300e-01
4249 5.64103000e-01
4250 7.72243500e-01
4251 5.61465800e-01
4252 7.04852900e-01
4253 6.03344500e-01
4254 6.16414200e-01
4255 6.01484400e-01
4256 6.94074900e-01
4257 6.64387800e-01
4258 6.88111300e-01
4259 6.01168400e-01
4260 6.30363100e-01
4261 6.94357100e-01
4262 7.01533300e-01
4263 5.45123500e-01
4264 6.00853400e-01
4265 6.31679700e-01
4266 6.31502900e-01
4267 5.57399600e-01
4268 6.62773000e-01
4269 5.78975500e-01
4270 5.97492300e-01
4271 6.29958400e-01
4272 5.40279100e-01
4273 6.60744800e-01
4274 6.57092800e-01
4275 6.09850200e-01
4276 6.54016200e-01
4277 6.36958400e-01
4278 5.98983800e-01
4279 6.02114800e-01
4280 5.62662300e-01
4281 5.65621200e-01
4282 5.67072700e-01
4283 6.46590100e-01
4284 5.41762300e-01
4285 6.31426500e-01
4286 5.84285000e-01
4287 6.30054000e-01
4288 7.42746600e-01
4289 5.95803000e-01
4290 6.30616900e-01
4291 6.95215300e-01
4292 7.13694000e-01
4293 6.88865900e-01
4294 8.16955500e-01
4295 6.89460800e-01
4296 6.70765700e-01
4297 8.33256100e-01
4298 7.50577500e-01
4299 6.97579900e-01
4300 8.06619000e-01
4301 7.81968800e-01
4302 8.05931600e-01
4303 7.46339800e-01
4304 5.88045200e-01
4305 7.24783500e-01
4306 7.88657600e-01
4307 6.30753200e-01
4308 7.43716500e-01
4309 8.26196800e-01
4310 6.45231600e-01
4311 7.91641900e-01
4312 8.37952200e-01
4313 7.33882400e-01
4314 8.68922600e-01
4315 8.39859400e-01
4316 7.05037200e-01
4317 7.45541900e-01
4318 6.81245900e-01
4319 5.95260500e-01
4320 6.71074500e-01
4321 6.20679600e-01
4322 6.16613000e-01
4323 6.36649200e-01
4324 7.08900800e-01
4325 6.33820600e-01
4326 6.44468300e-01
4327 7.46280900e-01
4328 5.96711200e-01
4329 7.31817300e-01
4330 7.48837200e-01
4331 7.17265000e-01
4332 6.42132000e-01
4333 6.75526500e-01
4334 6.25669900e-01
4335 6.14586200e-01
4336 7.24490300e-01
4337 7.79236200e-01
4338 6.51079400e-01
4339 7.04135500e-01
4340 6.58388800e-01
4341 6.28936200e-01
4342 7.04514800e-01
4343 5.90626200e-01
4344 6.42007500e-01
4345 5.99656200e-01
4346 6.56928600e-01
4347 6.37028100e-01
4348 7.07266000e-01
4349 6.82751900e-01
4350 6.50137500e-01
4351 5.45848100e-01
4352 5.89171300e-01
4353 6.02563600e-01
4354 6.62140000e-01
4355 6.41668800e-01
4356 6.19669300e-01
4357 6.02791600e-01
4358 7.02443400e-01
4359 6.11548800e-01
4360 6.23677300e-01
4361 4.77324800e-01
4362 5.15841500e-01
4363 5.91144600e-01
4364 5.66631100e-01
4365 4.73600500e-01
4366 5.22859500e-01
4367 5.59874600e-01
4368 5.83185200e-01
4369 4.40388500e-01
4370 5.52645800e-01
4371 5.12173200e-01
4372 5.26266000e-01
4373 5.45474300e-01
4374 4.82770700e-01
4375 5.30387400e-01
4376 5.12208600e-01
4377 5.70104300e-01
4378 5.68597400e-01
4379 5.60507300e-01
4380 5.64791700e-01
4381 5.10098900e-01
4382 4.46297500e-01
4383 5.52954200e-01
4384 6.04196900e-01
4385 5.49616200e-01
4386 6.09908700e-01
4387 5.77136400e-01
4388 5.73262800e-01
4389 5.71209000e-01
4390 5.32060700e-01
4391 6.33637900e-01
4392 5.87395700e-01
4393 5.61006900e-01
4394 4.97050000e-01
4395 5.96088800e-01
4396 5.05216800e-01
4397 5.52337800e-01
4398 5.75451800e-01
4399 5.53867500e-01
4400 5.67121400e-01
4401 5.41168000e-01
4402 6.04728300e-01
4403 5.25762600e-01
4404 5.83650500e-01
4405 5.92518300e-01
4406 5.35531800e-01
4407 5.44728800e-01
4408 5.39373100e-01
4409 4.99317700e-01
4410 5.10159100e-01
4411 5.41625200e-01
4412 5.34094200e-01
4413 4.52281100e-01
4414 5.87539700e-01
4415 5.02122000e-01
4416 5.29317100e-01
4417 5.00802600e-01
4418 5.72118300e-01
4419 5.44133300e-01
4420 5.56061400e-01
4421 5.05132100e-01
4422 5.86734200e-01
4423 4.84122700e-01
4424 4.46732500e-01
4425 5.39354600e-01
4426 5.21641900e-01
4427 5.48018000e-01
4428 6.05269700e-01
4429 5.71624900e-01
4430 6.11025800e-01
4431 5.53432700e-01
4432 5.71500600e-01
4433 6.24764100e-01
4434 6.37820700e-01
4435 5.61063600e-01
4436 5.98621700e-01
4437 5.69912000e-01
4438 6.24885400e-01
4439 5.11463400e-01
4440 6.48774600e-01
4441 7.42331900e-01
4442 7.06686000e-01
4443 7.12043500e-01
4444 6.76593000e-01
4445 6.50925800e-01
4446 6.63739400e-01
4447 8.00165500e-01
4448 7.17913900e-01
4449 5.84449000e-01
4450 6.74822400e-01
4451 6.27095800e-01
4452 5.73822000e-01
4453 6.43635600e-01
4454 6.38507800e-01
4455 5.98538000e-01
4456 5.89395300e-01
4457 6.16035000e-01
4458 5.94606400e-01
4459 6.76563000e-01
4460 5.57056800e-01
4461 6.56748200e-01
4462 5.76579300e-01
4463 5.08205200e-01
4464 5.54068600e-01
4465 6.16609300e-01
4466 5.56710100e-01
4467 6.52594500e-01
4468 6.15299500e-01
4469 5.76096300e-01
4470 5.73773000e-01
4471 4.96453600e-01
4472 7.48898300e-01
4473 5.59821100e-01
4474 6.35119400e-01
4475 5.75773200e-01
4476 5.65849400e-01
4477 6.00947900e-01
4478 5.47974700e-01
4479 5.64107500e-01
4480 5.80902200e-01
4481 5.12058800e-01
4482 6.89549600e-01
4483 6.91599200e-01
4484 4.94999300e-01
4485 5.77805500e-01
4486 6.09199500e-01
4487 5.70554400e-01
4488 6.08251700e-01
4489 5.11671400e-01
4490 6.16455700e-01
4491 5.92049800e-01
4492 5.17413400e-01
4493 5.60982600e-01
4494 5.88768900e-01
4495 4.66646300e-01
4496 5.45926700e-01
4497 4.93795600e-01
4498 6.12199500e-01
4499 5.85901600e-01
4500 6.23654900e-01
4501 5.42431300e-01
4502 5.47467000e-01
4503 5.27432500e-01
4504 4.52631400e-01
4505 5.73333000e-01
4506 5.53496000e-01
4507 5.32587600e-01
4508 4.96479600e-01
4509 4.89614100e-01
4510 5.92571500e-01
4511 5.72010400e-01
4512 5.11505700e-01
4513 5.46407100e-01
4514 5.37239300e-01
4515 5.73939900e-01
4516 5.08087900e-01
4517 5.41504300e-01
4518 5.52815300e-01
4519 6.13973900e-01
4520 4.64945400e-01
4521 5.36083300e-01
4522 5.96896600e-01
4523 6.24471800e-01
4524 5.47341500e-01
4525 5.02996400e-01
4526 5.22081700e-01
4527 5.07475600e-01
4528 5.13612200e-01
4529 6.07630300e-01
4530 5.38949100e-01
4531 5.81061000e-01
4532 4.62020200e-01
4533 4.81630800e-01
4534 5.31365800e-01
4535 4.76207000e-01
4536 5.14471700e-01
4537 5.21160500e-01
4538 5.77770200e-01
4539 5.44891500e-01
4540 4.97171300e-01
4541 5.62123100e-01
4542 5.33549700e-01
4543 5.40219100e-01
4544 5.19754400e-01
4545 6.45292700e-01
4546 5.39020400e-01
4547 5.63460800e-01
4548 5.81454400e-01
4549 5.61435600e-01
4550 5.65322700e-01
4551 5.53618500e-01
4552 5.61029500e-01
4553 6.20042500e-01
4554 5.55614800e-01
4555 6.53187300e-01
4556 4.80595100e-01
4557 5.17112000e-01
4558 5.28344600e-01
4559 5.66589900e-01
4560 5.89677500e-01
4561 5.32366500e-01
4562 5.37802100e-01
4563 5.52575600e-01
4564 6.12288500e-01
4565 5.59887500e-01
4566 6.53666300e-01
4567 6.84075500e-01
4568 5.86209300e-01
4569 6.24485000e-01
4570 6.20652600e-01
4571 5.72750400e-01
4572 5.64982100e-01
4573 6.02916600e-01
4574 5.45946900e-01
4575 6.71118400e-01
4576 7.64418100e-01
4577 6.50719500e-01
4578 6.52982400e-01
4579 7.02423200e-01
4580 6.02705700e-01
4581 6.41355000e-01
4582 5.91974900e-01
4583 6.07019800e-01
4584 5.93803100e-01
4585 4.93260800e-01
4586 5.84446100e-01
4587 5.50263500e-01
4588 5.71902400e-01
4589 5.73663500e-01
4590 5.07665600e-01
4591 5.12626800e-01
4592 6.19358100e-01
4593 6.21702000e-01
4594 5.96872100e-01
4595 5.51359600e-01
4596 5.98164300e-01
4597 5.08288300e-01
4598 5.83193100e-01
4599 5.81548600e-01
4600 5.20244700e-01
4601 6.44137500e-01
4602 6.02204600e-01
4603 6.36095500e-01
4604 6.81003400e-01
4605 5.33645000e-01
4606 6.06731700e-01
4607 6.76313400e-01
4608 7.23356000e-01
4609 5.45502500e-01
4610 6.81232700e-01
4611 6.45937300e-01
4612 5.49708600e-01
4613 7.28246200e-01
4614 6.63963700e-01
4615 6.23425900e-01
4616 5.85838100e-01
4617 6.18524000e-01
4618 6.02096100e-01
4619 5.61321300e-01
4620 5.65832800e-01
4621 5.85509900e-01
4622 5.72129500e-01
4623 5.79287500e-01
4624 5.07135300e-01
4625 6.05917100e-01
4626 5.63847300e-01
4627 4.99244200e-01
4628 5.85722200e-01
4629 6.00337100e-01
4630 5.13947200e-01
4631 5.92887400e-01
4632 5.64611800e-01
4633 6.05927400e-01
4634 5.97219400e-01
4635 5.65697800e-01
4636 5.16136000e-01
4637 5.69647400e-01
4638 5.85867100e-01
4639 4.80208500e-01
4640 6.71831600e-01
4641 5.45191300e-01
4642 6.29567700e-01
4643 4.91271700e-01
4644 4.86741300e-01
4645 5.01320800e-01
4646 5.88470200e-01
4647 5.56650500e-01
4648 6.11077900e-01
4649 5.08673000e-01
4650 5.52663700e-01
4651 5.49980000e-01
4652 6.01978800e-01
4653 5.32248900e-01
4654 5.53716200e-01
4655 5.48688500e-01
4656 5.46429200e-01
4657 5.27428100e-01
4658 6.42059200e-01
4659 4.81128000e-01
4660 5.25600000e-01
4661 5.64729300e-01
4662 4.32399000e-01
4663 5.52189900e-01
4664 5.29413300e-01
4665 5.21407100e-01
4666 5.02893500e-01
4667 5.64299800e-01
4668 5.85348800e-01
4669 5.65817500e-01
4670 6.23317800e-01
4671 5.26775900e-01
4672 5.48798700e-01
4673 5.53210200e-01
4674 5.86194200e-01
4675 5.63213700e-01
4676 4.93675300e-01
4677 5.52051500e-01
4678 5.32129800e-01
4679 5.77763800e-01
4680 6.22823000e-01
4681 5.33447700e-01
4682 4.83378600e-01
4683 5.34919100e-01
4684 4.87734500e-01
4685 6.22867600e-01
4686 5.10620300e-01
4687 5.91017900e-01
4688 4.91426200e-01
4689 5.87508900e-01
4690 5.12679600e-01
4691 5.31065400e-01
4692 5.61994100e-01
4693 6.03630200e-01
4694 5.40643200e-01
4695 5.29650900e-01
4696 5.03199000e-01
4697 5.09451700e-01
4698 4.99394000e-01
4699 5.74647200e-01
4700 5.93006500e-01
4701 5.61208500e-01
4702 5.82965900e-01
4703 6.84557000e-01
4704 6.47656800e-01
4705 5.78750500e-01
4706 5.88951100e-01
4707 6.06105800e-01
4708 5.31509700e-01
4709 6.61910300e-01
4710 7.69055100e-01
4711 6.59152100e-01
4712 6.79529600e-01
4713 7.19630800e-01
4714 6.48532300e-01
4715 5.71560800e-01
4716 7.74401700e-01
4717 5.67503300e-01
4718 6.15254200e-01
4719 5.95790000e-01
4720 4.86372500e-01
4721 6.30097300e-01
4722 5.34974700e-01
4723 6.05128600e-01
4724 6.66441100e-01
4725 6.11655000e-01
4726 5.39913600e-01
4727 5.65392700e-01
4728 5.46975100e-01
4729 6.22117500e-01
4730 5.98044900e-01
4731 5.14347300e-01
4732 5.72690600e-01
4733 4.97869900e-01
4734 5.89253100e-01
4735 5.91614000e-01
4736 5.92399200e-01
4737 6.21544700e-01
4738 5.37792300e-01
4739 6.18571700e-01
4740 6.27883200e-01
4741 5.89574000e-01
4742 5.00557600e-01
4743 6.55422400e-01
4744 5.76953300e-01
4745 5.22861300e-01
4746 4.99034600e-01
4747 6.41992700e-01
4748 5.58415500e-01
4749 5.80392300e-01
4750 5.24208900e-01
4751 4.93214200e-01
4752 5.11310300e-01
4753 5.71487800e-01
4754 5.70367500e-01
4755 5.24266400e-01
4756 5.56403600e-01
4757 5.58024900e-01
4758 6.68265100e-01
4759 5.50926100e-01
4760 4.90635900e-01
4761 6.14163500e-01
4762 5.28340700e-01
4763 6.25263100e-01
4764 6.24252800e-01
4765 5.70972500e-01
4766 6.96085400e-01
4767 8.47913000e-01
4768 8.13147300e-01
4769 8.84194000e-01
4770 6.39308500e-01
4771 7.10485300e-01
4772 8.36023000e-01
4773 8.43421000e-01
4774 7.53036000e-01
4775 6.78493800e-01
4776 7.03782000e-01
4777 8.06446200e-01
4778 8.34648600e-01
4779 7.06874700e-01
4780 6.92950600e-01
4781 7.27578800e-01
4782 7.02277300e-01
4783 7.82172200e-01
4784 7.66032100e-01
4785 8.12838500e-01
4786 7.64310000e-01
4787 6.89609900e-01
4788 6.99091800e-01
4789 7.18751900e-01
4790 7.02073700e-01
4791 7.66456900e-01
4792 6.66295300e-01
4793 7.34886100e-01
4794 8.02002800e-01
4795 7.73369500e-01
4796 7.31889700e-01
4797 6.35764500e-01
4798 8.00051100e-01
4799 7.39137000e-01
4800 6.56833700e-01
4801 7.14968000e-01
4802 7.04409600e-01
4803 7.16782300e-01
4804 7.36776200e-01
4805 7.19251900e-01
4806 7.27020000e-01
4807 6.66182500e-01
4808 7.58705400e-01
4809 6.81850800e-01
4810 8.02237300e-01
4811 9.14479900e-01
4812 7.86389400e-01
4813 8.54249700e-01
4814 8.22412400e-01
4815 8.36430800e-01
4816 8.46275800e-01
4817 8.37801600e-01
4818 7.37552300e-01
4819 1.10004050e+00
4820 7.27540300e-01
4821 8.55366800e-01
4822 7.30930200e-01
4823 8.05339900e-01
4824 8.80282000e-01
4825 7.52853500e-01
4826 7.45181900e-01
4827 6.76220200e-01
4828 7.22898700e-01
4829 7.25480900e-01
4830 7.31625600e-01
4831 8.15850100e-01
4832 6.91554400e-01
4833 8.12305600e-01
4834 6.96445500e-01
4835 7.27280100e-01
4836 6.99094200e-01
4837 7.27189200e-01
4838 7.58517800e-01
4839 8.47305100e-01
4840 6.58798400e-01
4841 6.80164000e-01
4842 6.26428800e-01
4843 7.31262600e-01
4844 8.22596800e-01
4845 7.12787700e-01
4846 6.56710600e-01
4847 7.88533200e-01
4848 6.70765600e-01
4849 7.70689500e-01
4850 5.76344200e-01
4851 8.18979400e-01
4852 7.01263700e-01
4853 7.51555200e-01
4854 7.91514800e-01
4855 6.96556200e-01
4856 6.89058900e-01
4857 6.50478500e-01
4858 7.70815800e-01
4859 6.58485000e-01
4860 6.03383900e-01
4861 7.39958800e-01
4862 7.01559800e-01
4863 7.20841900e-01
4864 7.03979300e-01
4865 7.16016100e-01
4866 7.50897800e-01
4867 7.81098200e-01
4868 7.35423100e-01
4869 6.69380300e-01
4870 7.88763300e-01
4871 7.45478700e-01
4872 7.78616400e-01
4873 7.95167700e-01
4874 6.85143200e-01
4875 7.79500000e-01
4876 6.60206100e-01
4877 7.92492600e-01
4878 7.03891600e-01
4879 7.66706600e-01
4880 8.08752900e-01
4881 9.52594700e-01
4882 8.52241000e-01
4883 7.03663600e-01
4884 8.28456200e-01
4885 8.82583200e-01
4886 8.01002000e-01
4887 8.31859500e-01
4888 7.01428900e-01
4889 7.91727100e-01
4890 8.91066100e-01
4891 8.20861900e-01
4892 9.06834300e-01
4893 9.28960200e-01
4894 9.61175400e-01
4895 7.80701900e-01
4896 9.44577000e-01
4897 1.08539880e+00
4898 8.80335600e-01
4899 9.42318300e-01
4900 9.13504300e-01
4901 7.69163200e-01
4902 8.36116600e-01
4903 7.90972300e-01
4904 8.41190700e-01
4905 7.22600400e-01
4906 7.64575400e-01
4907 7.77608900e-01
4908 8.29322700e-01
4909 8.75900800e-01
4910 9.55651700e-01
4911 9.09482800e-01
4912 7.28467200e-01
4913 7.69784600e-01
4914 8.91524200e-01
4915 8.13982900e-01
4916 7.80184300e-01
4917 7.27690600e-01
4918 7.11017800e-01
4919 7.32052100e-01
4920 7.03201800e-01
4921 8.30888900e-01
4922 7.08475500e-01
4923 6.69567000e-01
4924 7.42952800e-01
4925 6.88622600e-01
4926 6.73836100e-01
4927 6.10134000e-01
4928 8.21504500e-01
4929 7.55349500e-01
4930 7.61881000e-01
4931 7.41819300e-01
4932 7.58997800e-01
4933 7.23549100e-01
4934 6.90196200e-01
4935 7.08366400e-01
4936 6.68170500e-01
4937 7.18901700e-01
4938 6.93853400e-01
4939 7.85316000e-01
4940 6.79063500e-01
4941 6.48693900e-01
4942 7.06217600e-01
4943 6.07558100e-01
4944 6.47575900e-01
4945 6.33363200e-01
4946 7.46949800e-01
4947 7.52928700e-01
4948 7.60776900e-01
4949 7.65536200e-01
4950 7.46710800e-01
4951 5.93496700e-01
4952 7.40984300e-01
4953 7.54646600e-01
4954 7.57849200e-01
4955 7.09195000e-01
4956 7.08060200e-01
4957 6.69190600e-01
4958 8.93854800e-01
4959 7.41066800e-01
4960 7.76455800e-01
4961 7.82684100e-01
4962 7.73813800e-01
4963 8.14061100e-01
4964 8.08901400e-01
4965 6.81484700e-01
4966 7.13199600e-01
4967 7.14996900e-01
4968 7.51284200e-01
4969 6.60164200e-01
4970 7.39362800e-01
4971 7.67012300e-01
4972 8.38464000e-01
4973 8.89612300e-01
4974 7.86542100e-01
4975 9.32278300e-01
4976 7.45914000e-01
4977 7.99971000e-01
4978 9.93423600e-01
4979 8.98749600e-01
4980 7.66299300e-01
4981 7.97161900e-01
4982 7.68061300e-01
4983 7.01182500e-01
4984 7.53490600e-01
4985 7.43711500e-01
4986 7.87289500e-01
4987 8.48003000e-01
4988 7.20729900e-01
4989 8.70832600e-01
4990 7.15905500e-01
4991 9.02484300e-01
4992 8.33080200e-01
4993 7.84215800e-01
4994 9.49648400e-01
4995 9.13987100e-01
4996 8.57412000e-01
4997 7.93815200e-01
4998 8.78131300e-01
4999 8.34840800e-01
5000 9.93701900e-01
MeanEpochSeconds: 0.517002
StdEpochSeconds:  0.235191
PeakGPUMemoryBytes: 99527680
