epoch loss
1 1.94451940e+00
2 1.93728411e+00
3 1.88696563e+00
4 1.79361367e+00
5 1.80961871e+00
6 1.75535274e+00
7 1.71426332e+00
8 1.66683495e+00
9 1.63435602e+00
10 1.60007417e+00
11 1.56733680e+00
12 1.52191305e+00
13 1.47805476e+00
14 1.36828315e+00
15 1.35215580e+00
16 1.30793977e+00
17 1.23939943e+00
18 1.22401154e+00
19 1.22624946e+00
20 1.10214150e+00
21 1.07921696e+00
22 1.00717676e+00
23 9.57403362e-01
24 8.95805120e-01
25 8.69921625e-01
26 7.77921498e-01
27 7.38011301e-01
28 6.73948407e-01
29 6.26850128e-01
30 5.74995518e-01
31 5.21144032e-01
32 4.62449163e-01
33 4.37218487e-01
34 4.02595639e-01
35 3.78832966e-01
36 3.67957979e-01
37 3.47462237e-01
38 3.26009274e-01
39 3.34526032e-01
40 3.25376838e-01
41 3.16513211e-01
42 3.10903937e-01
43 2.91715056e-01
44 3.00916284e-01
45 2.77497977e-01
46 2.59550303e-01
47 2.64888048e-01
48 2.51109660e-01
49 2.42897615e-01
50 2.43928894e-01
51 2.39930540e-01
52 2.32745647e-01
53 2.38471150e-01
54 2.44568646e-01
55 2.33479142e-01
56 2.32296675e-01
57 2.31500551e-01
58 2.21234024e-01
59 2.33266309e-01
60 2.24435717e-01
61 2.21419588e-01
62 2.14468092e-01
63 2.17253417e-01
64 2.21466377e-01
65 2.13076085e-01
66 2.14872941e-01
67 2.13002980e-01
68 2.12515995e-01
69 2.04045415e-01
70 2.08278254e-01
71 1.97592348e-01
72 2.01727957e-01
73 2.06639871e-01
74 2.00893566e-01
75 2.06162661e-01
76 1.98380932e-01
77 2.03022674e-01
78 1.95076495e-01
79 2.01691329e-01
80 1.93663985e-01
81 2.02714443e-01
82 1.92113116e-01
83 1.89845577e-01
84 1.89864367e-01
85 1.93217427e-01
86 1.90847263e-01
87 1.93127915e-01
88 1.87777683e-01
89 1.82855725e-01
90 1.86669335e-01
91 1.92307591e-01
92 1.82220414e-01
93 1.85419381e-01
94 1.82501435e-01
95 1.80066213e-01
96 1.88236922e-01
97 1.87645644e-01
98 1.78167254e-01
99 1.82872951e-01
100 1.92457795e-01
101 1.77378342e-01
102 1.83352962e-01
103 1.78935468e-01
104 1.81380957e-01
105 1.88339159e-01
106 1.70038968e-01
107 1.75634563e-01
108 1.80838466e-01
109 1.80576414e-01
110 1.77929878e-01
111 1.74858347e-01
112 1.73498824e-01
113 1.75971434e-01
114 1.72846109e-01
115 1.77674562e-01
116 1.69071510e-01
117 1.73604473e-01
118 1.75805822e-01
119 1.70743644e-01
120 1.70165271e-01
121 1.70694888e-01
122 1.67325675e-01
123 1.62524551e-01
124 1.60468727e-01
125 1.71903685e-01
126 1.65555954e-01
127 1.71395391e-01
128 1.66539639e-01
129 1.67649522e-01
130 1.67059109e-01
131 1.73730150e-01
132 1.62926927e-01
133 1.61662191e-01
134 1.64951235e-01
135 1.51969522e-01
136 1.57082647e-01
137 1.65332004e-01
138 1.62479609e-01
139 1.55668452e-01
140 1.63053498e-01
141 1.55746639e-01
142 1.54982626e-01
143 1.53929934e-01
144 1.55951455e-01
145 1.57254517e-01
146 1.53270453e-01
147 1.57409132e-01
148 1.53623328e-01
149 1.58093259e-01
150 1.53969020e-01
151 1.54904902e-01
152 1.53282315e-01
153 1.49492040e-01
154 1.50261566e-01
155 1.41720816e-01
156 1.48663834e-01
157 1.49535835e-01
158 1.46705583e-01
159 1.51419669e-01
160 1.50562301e-01
161 1.47818983e-01
162 1.47132114e-01
163 1.46238670e-01
164 1.43895164e-01
165 1.46676108e-01
166 1.44455329e-01
167 1.52554065e-01
168 1.40178591e-01
169 1.41058579e-01
170 1.49403051e-01
171 1.41071677e-01
172 1.39925376e-01
173 1.45007998e-01
174 1.29672885e-01
175 1.41218051e-01
176 1.32519349e-01
177 1.34881899e-01
178 1.35758013e-01
179 1.33408844e-01
180 1.37467355e-01
181 1.39901251e-01
182 1.34147018e-01
183 1.29427239e-01
184 1.29447743e-01
185 1.25637859e-01
186 1.29471794e-01
187 1.35326833e-01
188 1.28966197e-01
189 1.30780235e-01
190 1.27934113e-01
191 1.28146142e-01
192 1.26323089e-01
193 1.27688691e-01
194 1.25681102e-01
195 1.26831949e-01
196 1.19743839e-01
197 1.22939214e-01
198 1.25153601e-01
199 1.19928345e-01
200 1.20542929e-01
201 1.15967117e-01
202 1.17066301e-01
203 1.23637959e-01
204 1.20373458e-01
205 1.22908711e-01
206 1.18380621e-01
207 1.15194485e-01
208 1.18532509e-01
209 1.17606036e-01
210 1.16851985e-01
211 1.17225908e-01
212 1.10589221e-01
213 1.08263142e-01
214 1.12513229e-01
215 1.07233711e-01
216 1.09515674e-01
217 1.09954946e-01
218 1.07657433e-01
219 1.11417145e-01
220 1.08417153e-01
221 1.08623594e-01
222 1.03647247e-01
223 1.04386285e-01
224 1.06044501e-01
225 1.06366828e-01
226 1.01239428e-01
227 1.00915022e-01
228 9.92993042e-02
229 9.94255394e-02
230 1.02598161e-01
231 9.46628451e-02
232 9.78791639e-02
233 9.80543122e-02
234 9.31191295e-02
235 9.45065618e-02
236 9.47027653e-02
237 9.48937610e-02
238 9.01871473e-02
239 9.16874334e-02
240 9.03702751e-02
241 8.92387629e-02
242 8.76110122e-02
243 8.63131881e-02
244 8.60245377e-02
245 8.58632401e-02
246 8.48470256e-02
247 8.35626498e-02
248 8.21209848e-02
249 8.43939558e-02
250 8.09260011e-02
251 7.73414224e-02
252 7.89546221e-02
253 7.70979673e-02
254 7.49594271e-02
255 7.89635330e-02
256 7.43464977e-02
257 7.41589740e-02
258 7.82914460e-02
259 7.66989961e-02
260 7.30185732e-02
261 6.84184879e-02
262 7.16149062e-02
263 6.79266304e-02
264 6.79284632e-02
265 7.10897744e-02
266 6.72085434e-02
267 6.56154603e-02
268 6.53418452e-02
269 6.78896084e-02
270 6.43681139e-02
271 6.22696728e-02
272 6.33917004e-02
273 5.90058304e-02
274 6.23266064e-02
275 5.84863275e-02
276 5.94644509e-02
277 5.66325076e-02
278 5.87633997e-02
279 5.60581163e-02
280 5.62051535e-02
281 5.84823638e-02
282 5.27425371e-02
283 5.50080836e-02
284 5.55436015e-02
285 5.39088845e-02
286 5.45109697e-02
287 5.25958873e-02
288 4.87019941e-02
289 4.74175029e-02
290 4.98182103e-02
291 4.57290411e-02
292 4.81365956e-02
293 4.78856973e-02
294 4.63027358e-02
295 4.55096327e-02
296 4.58203740e-02
297 4.60383669e-02
298 4.52611968e-02
299 4.54211272e-02
300 4.35516164e-02
301 4.43271771e-02
302 3.99485715e-02
303 4.36754934e-02
304 4.23771404e-02
305 4.16862033e-02
306 4.23118323e-02
307 4.11493555e-02
308 4.03237604e-02
309 4.18278947e-02
310 3.82242464e-02
311 3.94278169e-02
312 3.80243286e-02
313 3.83332819e-02
314 3.89248654e-02
315 3.78031284e-02
316 3.56329530e-02
317 3.83148119e-02
318 3.75073999e-02
319 3.56787108e-02
320 3.57924178e-02
321 3.60763334e-02
322 3.53041179e-02
323 3.34003568e-02
324 3.37473191e-02
325 3.47469412e-02
326 3.40563953e-02
327 3.48713361e-02
328 3.31253856e-02
329 3.27630788e-02
330 3.27721685e-02
331 3.33417915e-02
332 3.28417495e-02
333 3.33981179e-02
334 3.25907394e-02
335 3.10661141e-02
336 3.29423472e-02
337 3.08368057e-02
338 3.11806612e-02
339 3.07332836e-02
340 3.16472948e-02
341 3.11554242e-02
342 3.19529213e-02
343 3.01279351e-02
344 2.89135557e-02
345 3.12011726e-02
346 3.01873609e-02
347 2.86246184e-02
348 3.04978825e-02
349 2.90765874e-02
350 2.90645920e-02
351 2.66882218e-02
352 2.86060721e-02
353 2.80426443e-02
354 2.73372028e-02
355 2.88069509e-02
356 2.71696951e-02
357 2.77073104e-02
358 2.71759089e-02
359 2.72148848e-02
360 2.76247412e-02
361 2.68870536e-02
362 2.52665970e-02
363 2.56482251e-02
364 2.60257777e-02
365 2.70926114e-02
366 2.61545591e-02
367 2.56546736e-02
368 2.36905068e-02
369 2.44563427e-02
370 2.57976372e-02
371 2.54876502e-02
372 2.48032510e-02
373 2.50645950e-02
374 2.59444248e-02
375 2.46068910e-02
376 2.38305293e-02
377 2.48560458e-02
378 2.49583349e-02
379 2.36798208e-02
380 2.43224613e-02
381 2.36750618e-02
382 2.34557875e-02
383 2.36082319e-02
384 2.34557763e-02
385 2.25709286e-02
386 2.24001743e-02
387 2.21779868e-02
388 2.27636062e-02
389 2.27028634e-02
390 2.19308306e-02
391 2.24820655e-02
392 2.21515764e-02
393 2.12111156e-02
394 2.18636803e-02
395 2.16603316e-02
396 2.10475158e-02
397 2.19388418e-02
398 2.29201633e-02
399 2.11566333e-02
400 2.16216464e-02
401 1.96539741e-02
402 2.13627387e-02
403 2.10982859e-02
404 1.96849238e-02
405 1.99838392e-02
406 2.01358609e-02
407 1.98477916e-02
408 1.96391195e-02
409 1.98114067e-02
410 1.94927100e-02
411 1.95871294e-02
412 1.93630122e-02
413 1.94300041e-02
414 1.93177257e-02
415 1.91686023e-02
416 1.88244451e-02
417 1.91581734e-02
418 1.86601877e-02
419 1.84328109e-02
420 1.85360145e-02
421 1.83096435e-02
422 1.75565071e-02
423 1.72174200e-02
424 1.71208978e-02
425 1.75989717e-02
426 1.81904398e-02
427 1.78651512e-02
428 1.76488962e-02
429 1.70778725e-02
430 1.70259401e-02
431 1.73435416e-02
432 1.71714779e-02
433 1.69318356e-02
434 1.71456244e-02
435 1.70214642e-02
436 1.64533313e-02
437 1.69902276e-02
438 1.62098296e-02
439 1.67656317e-02
440 1.66188963e-02
441 1.59384049e-02
442 1.57187525e-02
443 1.60085000e-02
444 1.61152687e-02
445 1.52285593e-02
446 1.57499127e-02
447 1.56932026e-02
448 1.59234237e-02
449 1.48618352e-02
450 1.48763536e-02
451 1.52196400e-02
452 1.45867597e-02
453 1.48962010e-02
454 1.43722193e-02
455 1.46755148e-02
456 1.50618535e-02
457 1.46476077e-02
458 1.35018509e-02
459 1.45095773e-02
460 1.45957842e-02
461 1.36896493e-02
462 1.41601441e-02
463 1.40630081e-02
464 1.46494992e-02
465 1.38328439e-02
466 1.32165998e-02
467 1.31006539e-02
468 1.34471776e-02
469 1.34391328e-02
470 1.30811948e-02
471 1.32996840e-02
472 1.25659145e-02
473 1.29418764e-02
474 1.22536179e-02
475 1.22366967e-02
476 1.24103753e-02
477 1.28205223e-02
478 1.19431298e-02
479 1.25079928e-02
480 1.24394828e-02
481 1.27976658e-02
482 1.17611419e-02
483 1.17903892e-02
484 1.11943157e-02
485 1.15674902e-02
486 1.26798954e-02
487 1.16338059e-02
488 1.20731434e-02
489 1.14556551e-02
490 1.13587081e-02
491 1.12948436e-02
492 1.09149870e-02
493 1.09756365e-02
494 1.12364143e-02
495 1.07007623e-02
496 1.06982449e-02
497 1.05850445e-02
498 1.08060502e-02
499 1.06067341e-02
500 9.92050767e-03
501 1.02083636e-02
502 9.78755858e-03
503 1.05368597e-02
504 1.03500858e-02
505 9.95879248e-03
506 1.07036503e-02
507 9.76765156e-03
508 9.37882345e-03
509 9.58377775e-03
510 9.85500123e-03
511 9.29104723e-03
512 9.25081503e-03
513 9.64942947e-03
514 9.77737270e-03
515 9.52328276e-03
516 9.36020259e-03
517 9.00897477e-03
518 8.96967202e-03
519 9.14486311e-03
520 9.27117467e-03
521 8.76716804e-03
522 9.06458776e-03
523 8.23756400e-03
524 7.89728854e-03
525 8.59373529e-03
526 8.69381707e-03
527 8.15000478e-03
528 8.52637552e-03
529 8.07451550e-03
530 8.30007438e-03
531 7.97245093e-03
532 7.74809578e-03
533 7.79939396e-03
534 8.24717432e-03
535 8.14608112e-03
536 7.44201429e-03
537 7.13996589e-03
538 7.32941413e-03
539 7.54517177e-03
540 7.46818585e-03
541 7.52817653e-03
542 7.13643804e-03
543 7.15238228e-03
544 7.00365799e-03
545 7.18789594e-03
546 7.13947834e-03
547 6.63222373e-03
548 7.06385355e-03
549 6.59519713e-03
550 6.68825209e-03
551 6.51707686e-03
552 6.47781417e-03
553 6.64685573e-03
554 6.37898361e-03
555 6.25386043e-03
556 6.12986973e-03
557 6.16125576e-03
558 6.11493457e-03
559 6.15101075e-03
560 6.11707615e-03
561 5.96542563e-03
562 6.07100222e-03
563 5.79107134e-03
564 5.54163009e-03
565 5.75916516e-03
566 5.66245290e-03
567 5.71330590e-03
568 5.80202555e-03
569 5.57690067e-03
570 5.65087004e-03
571 5.40621486e-03
572 5.38958050e-03
573 5.57322195e-03
574 5.50765172e-03
575 5.17175393e-03
576 5.33353491e-03
577 4.83140163e-03
578 4.85592615e-03
579 4.83645499e-03
580 5.14791906e-03
581 4.82434919e-03
582 5.02504408e-03
583 4.77462728e-03
584 4.63108066e-03
585 4.68692789e-03
586 4.58771363e-03
587 4.80881985e-03
588 4.50865692e-03
589 4.52930294e-03
590 4.15357202e-03
591 4.38186852e-03
592 4.11388883e-03
593 4.30158200e-03
594 4.35748044e-03
595 4.14899178e-03
596 4.20645997e-03
597 4.17924998e-03
598 4.12783772e-03
599 3.96560319e-03
600 3.83243687e-03
601 3.57650733e-03
602 3.83770140e-03
603 3.95301776e-03
604 3.93996434e-03
605 3.77133675e-03
606 3.81840696e-03
607 3.53576127e-03
608 3.69145861e-03
609 3.66444141e-03
610 3.41776363e-03
611 3.58991302e-03
612 3.34094930e-03
613 3.43197887e-03
614 3.58953513e-03
615 3.41721112e-03
616 3.25797498e-03
617 3.39057762e-03
618 3.28022963e-03
619 3.35251680e-03
620 3.32261506e-03
621 3.10987304e-03
622 2.94585247e-03
623 2.98698689e-03
624 3.11210891e-03
625 3.02874274e-03
626 3.13318660e-03
627 2.77114636e-03
628 2.99636927e-03
629 2.78382329e-03
630 2.91006872e-03
631 2.77720392e-03
632 2.90328451e-03
633 2.82130414e-03
634 2.95830751e-03
635 2.65329075e-03
636 2.73240707e-03
637 2.73855543e-03
638 2.55184970e-03
639 2.51580123e-03
640 2.63524288e-03
641 2.67986767e-03
642 2.45113298e-03
643 2.41979770e-03
644 2.57424032e-03
645 2.57693720e-03
646 2.61836592e-03
647 2.47624237e-03
648 2.23009172e-03
649 2.23871158e-03
650 2.25769402e-03
651 2.27354444e-03
652 2.20856536e-03
653 2.22755014e-03
654 2.24690279e-03
655 2.17331504e-03
656 2.29947362e-03
657 2.28820252e-03
658 2.32055224e-03
659 2.11932929e-03
660 2.20798212e-03
661 2.06835591e-03
662 2.08004448e-03
663 2.06092512e-03
664 2.02184892e-03
665 2.07223627e-03
666 2.17347057e-03
667 1.87108840e-03
668 1.80917128e-03
669 1.96507643e-03
670 1.90754468e-03
671 1.84798869e-03
672 1.86320837e-03
673 1.80875021e-03
674 1.87647576e-03
675 1.70781650e-03
676 1.73329888e-03
677 1.70643954e-03
678 1.78603060e-03
679 1.63142174e-03
680 1.76452368e-03
681 1.70126604e-03
682 1.74239767e-03
683 1.67444535e-03
684 1.62041897e-03
685 1.61954050e-03
686 1.58683921e-03
687 1.53691997e-03
688 1.53999601e-03
689 1.75074022e-03
690 1.39903557e-03
691 1.74890936e-03
692 1.52864645e-03
693 1.50023412e-03
694 1.49506540e-03
695 1.40365958e-03
696 1.49669847e-03
697 1.36343949e-03
698 1.43004139e-03
699 1.50987133e-03
700 1.37819850e-03
701 1.36166811e-03
702 1.50134822e-03
703 1.32602011e-03
704 1.40801957e-03
705 1.32396258e-03
706 1.42769748e-03
707 1.27957924e-03
708 1.28219754e-03
709 1.42916769e-03
710 1.28137192e-03
711 1.29288831e-03
712 1.20460044e-03
713 1.20609999e-03
714 1.24639506e-03
715 1.21017289e-03
716 1.13610830e-03
717 1.30817818e-03
718 1.18609436e-03
719 1.20732689e-03
720 1.17346889e-03
721 1.25627138e-03
722 1.13978866e-03
723 1.11623621e-03
724 1.20140961e-03
725 1.11136003e-03
726 1.12151308e-03
727 1.04066578e-03
728 1.10301061e-03
729 1.09089527e-03
730 1.10394473e-03
731 1.13730517e-03
732 1.12337957e-03
733 1.04918017e-03
734 1.10332738e-03
735 1.02069636e-03
736 1.08113559e-03
737 1.16161839e-03
738 1.06398133e-03
739 9.60208999e-04
740 1.01201737e-03
741 1.04737503e-03
742 8.96681973e-04
743 1.01587269e-03
744 1.09972921e-03
745 9.86879226e-04
746 1.05741236e-03
747 9.43380524e-04
748 8.31832993e-04
749 9.46793996e-04
750 9.61026584e-04
751 1.08678266e-03
752 9.32695926e-04
753 8.79580854e-04
754 9.16939985e-04
755 9.45779786e-04
756 9.42275045e-04
757 9.05054039e-04
758 9.29109752e-04
759 9.90096945e-04
760 9.26585053e-04
761 8.96220503e-04
762 8.69805168e-04
763 8.72078293e-04
764 9.22693289e-04
765 9.03553795e-04
766 8.59303167e-04
767 8.77050392e-04
768 8.71137658e-04
769 7.92219129e-04
770 8.19143257e-04
771 8.59958702e-04
772 8.12164508e-04
773 8.09166697e-04
774 8.28678778e-04
775 8.80555483e-04
776 8.16998421e-04
777 8.31911864e-04
778 9.32438299e-04
779 8.00602429e-04
780 8.48316820e-04
781 9.39918857e-04
782 8.93218967e-04
783 7.71686318e-04
784 7.66617712e-04
785 8.30430712e-04
786 7.34297908e-04
787 8.18325963e-04
788 7.75993220e-04
789 7.55435845e-04
790 6.96960895e-04
791 7.55137764e-04
792 7.57970149e-04
793 7.22789555e-04
794 7.43127137e-04
795 8.99692823e-04
796 8.03304429e-04
797 7.56708498e-04
798 7.75913533e-04
799 7.46547768e-04
800 7.47871469e-04
801 7.62472977e-04
802 7.33853551e-04
803 7.71485444e-04
804 7.16661860e-04
805 7.37299619e-04
806 6.77874603e-04
807 6.17418031e-04
808 7.62055395e-04
809 7.45355093e-04
810 6.52249029e-04
811 6.77653647e-04
812 7.04588427e-04
813 7.09873566e-04
814 6.89695240e-04
815 7.25317397e-04
816 6.50874106e-04
817 6.91861846e-04
818 6.11862517e-04
819 6.18606980e-04
820 6.43170322e-04
821 5.76023129e-04
822 7.17447896e-04
823 6.19563041e-04
824 5.96398255e-04
825 6.28151174e-04
826 5.63705747e-04
827 6.17385434e-04
828 6.41808903e-04
829 5.90278301e-04
830 5.85794565e-04
831 6.05098438e-04
832 6.23620348e-04
833 5.26559073e-04
834 6.44757878e-04
835 5.90372190e-04
836 6.15324709e-04
837 5.40134381e-04
838 5.83522255e-04
839 5.87843359e-04
840 5.70498698e-04
841 6.81043777e-04
842 5.77417377e-04
843 5.54281229e-04
844 5.91559336e-04
845 6.06898277e-04
846 6.10409130e-04
847 5.95768797e-04
848 5.93887409e-04
849 5.51788893e-04
850 5.75810089e-04
851 5.73908852e-04
852 5.78517793e-04
853 5.60322602e-04
854 5.57015534e-04
855 5.78602601e-04
856 6.15349622e-04
857 5.37230808e-04
858 5.09283447e-04
859 5.60903456e-04
860 4.61278309e-04
861 5.99508232e-04
862 5.82970330e-04
863 5.19207271e-04
864 5.01418312e-04
865 5.26452670e-04
866 5.37527492e-04
867 5.41016110e-04
868 5.18931833e-04
869 5.60008804e-04
870 5.18011104e-04
871 5.59160253e-04
872 5.38315682e-04
873 4.59816860e-04
874 5.24660689e-04
875 5.72301913e-04
876 4.89382539e-04
877 5.62297762e-04
878 6.04551984e-04
879 5.28752804e-04
880 4.59261151e-04
881 4.64792305e-04
882 4.69443592e-04
883 5.08546073e-04
884 5.01647650e-04
885 4.68908693e-04
886 4.97329806e-04
887 5.38456545e-04
888 4.42853663e-04
889 5.32396662e-04
890 4.76592133e-04
891 5.19262394e-04
892 4.80762072e-04
893 4.77810914e-04
894 4.76062443e-04
895 4.81926370e-04
896 5.24316449e-04
897 5.17337292e-04
898 4.70166648e-04
899 4.66147845e-04
900 5.35544939e-04
901 4.45776532e-04
902 4.23771649e-04
903 4.67967096e-04
904 4.62514261e-04
905 4.32268163e-04
906 4.44776757e-04
907 4.36599454e-04
908 4.16811497e-04
909 4.34492918e-04
910 4.30190848e-04
911 5.04894007e-04
912 5.02491544e-04
913 4.29426727e-04
914 5.41707559e-04
915 4.00614110e-04
916 4.47204016e-04
917 5.37226966e-04
918 4.13611211e-04
919 4.99680114e-04
920 4.55118745e-04
921 4.40238276e-04
922 4.00776975e-04
923 4.82161035e-04
924 3.86193540e-04
925 4.53934015e-04
926 3.97575175e-04
927 4.44243691e-04
928 4.14051174e-04
929 4.07315296e-04
930 4.13237110e-04
931 3.94376169e-04
932 4.20696102e-04
933 3.78636760e-04
934 4.23950056e-04
935 4.38826304e-04
936 3.92131682e-04
937 4.74451255e-04
938 4.16087918e-04
939 3.65370070e-04
940 4.34635032e-04
941 3.87890730e-04
942 4.18405543e-04
943 3.94470087e-04
944 3.86569096e-04
945 4.36430244e-04
946 3.83557141e-04
947 4.27849009e-04
948 4.51889297e-04
949 4.26330516e-04
950 3.56824370e-04
951 4.06290317e-04
952 4.24877246e-04
953 3.85145569e-04
954 3.83670093e-04
955 3.97367228e-04
956 4.19615913e-04
957 4.42374527e-04
958 3.74994997e-04
959 4.19492164e-04
960 3.79133213e-04
961 4.31205292e-04
962 3.97672644e-04
963 3.63181694e-04
964 4.15965362e-04
965 4.03933693e-04
966 3.81387654e-04
967 3.91294685e-04
968 4.30675806e-04
969 3.96390737e-04
970 4.25303093e-04
971 3.91617359e-04
972 3.74852738e-04
973 3.92523652e-04
974 4.16357099e-04
975 3.61681305e-04
976 3.72847484e-04
977 3.59653699e-04
978 3.55168129e-04
979 3.93450202e-04
980 3.30768293e-04
981 3.27448302e-04
982 3.92758782e-04
983 3.59078957e-04
984 3.53596377e-04
985 3.21022788e-04
986 3.37192061e-04
987 3.40409024e-04
988 3.65813990e-04
989 3.36414727e-04
990 3.76853684e-04
991 3.33038624e-04
992 3.92372254e-04
993 3.21130618e-04
994 3.15419660e-04
995 3.94576666e-04
996 3.35140270e-04
997 3.72802606e-04
998 3.43543652e-04
999 3.58173304e-04
1000 3.61026177e-04
1001 3.44420114e-04
1002 3.11808253e-04
1003 4.21481876e-04
1004 3.12913849e-04
1005 3.57227837e-04
1006 3.43306339e-04
1007 3.56107776e-04
1008 3.76723881e-04
1009 3.06992093e-04
1010 3.05734022e-04
1011 3.30949872e-04
1012 3.18099512e-04
1013 3.57957091e-04
1014 3.64038948e-04
1015 3.32139607e-04
1016 3.67136498e-04
1017 3.54722230e-04
1018 2.98392202e-04
1019 3.12096323e-04
1020 3.40285187e-04
1021 2.96612387e-04
1022 3.03686829e-04
1023 3.00777290e-04
1024 3.08345625e-04
1025 3.26374342e-04
1026 2.98609521e-04
1027 3.11829208e-04
1028 3.25113331e-04
1029 3.28590715e-04
1030 3.28299328e-04
1031 3.22476058e-04
1032 3.12618824e-04
1033 3.55261465e-04
1034 3.20349267e-04
1035 3.04236251e-04
1036 3.37301870e-04
1037 3.18505598e-04
1038 2.99438601e-04
1039 2.87267001e-04
1040 3.11401236e-04
1041 2.63342750e-04
1042 2.97881372e-04
1043 2.91213597e-04
1044 3.32137133e-04
1045 3.15201643e-04
1046 3.48413945e-04
1047 3.56030185e-04
1048 4.12748690e-04
1049 3.64131382e-04
1050 3.78761499e-04
1051 4.16076567e-04
1052 4.26871848e-04
1053 4.18171519e-04
1054 3.94012954e-04
1055 3.56495730e-04
1056 3.37960722e-04
1057 3.19471786e-04
1058 3.05448862e-04
1059 2.73176935e-04
1060 2.95698119e-04
1061 3.17358295e-04
1062 3.21549247e-04
1063 3.02932982e-04
1064 2.77831190e-04
1065 3.10951087e-04
1066 3.30231880e-04
1067 3.57614161e-04
1068 2.69113225e-04
1069 2.92972196e-04
1070 2.75379542e-04
1071 3.12662800e-04
1072 2.86747469e-04
1073 3.04470886e-04
1074 3.05814377e-04
1075 2.92121607e-04
1076 2.88391486e-04
1077 3.57583456e-04
1078 3.15532612e-04
1079 3.11522745e-04
1080 3.06993985e-04
1081 3.11583426e-04
1082 3.20651772e-04
1083 2.84967129e-04
1084 2.95249745e-04
1085 2.81608896e-04
1086 2.57371576e-04
1087 2.62045796e-04
1088 2.59672757e-04
1089 2.92295066e-04
1090 2.53631559e-04
1091 2.85271584e-04
1092 3.06357717e-04
1093 3.10083269e-04
1094 2.67462892e-04
1095 2.71299039e-04
1096 2.47310294e-04
1097 2.72761652e-04
1098 2.60153232e-04
1099 2.74495949e-04
1100 2.57011969e-04
1101 2.52301543e-04
1102 2.70139455e-04
1103 2.69095326e-04
1104 2.52038299e-04
1105 2.53656734e-04
1106 2.83407979e-04
1107 2.54567218e-04
1108 2.53690494e-04
1109 3.05245921e-04
1110 2.47570104e-04
1111 2.94523110e-04
1112 2.77182611e-04
1113 2.48708093e-04
1114 2.60193425e-04
1115 2.77597312e-04
1116 2.37475309e-04
1117 2.71549274e-04
1118 2.56867323e-04
1119 2.34026462e-04
1120 2.96942162e-04
1121 2.46703654e-04
1122 2.76669452e-04
1123 2.75941973e-04
1124 3.16596415e-04
1125 3.01209395e-04
1126 3.30845913e-04
1127 3.39884369e-04
1128 3.48827714e-04
1129 3.62418854e-04
1130 3.44709988e-04
1131 3.34354670e-04
1132 3.25421541e-04
1133 2.75643892e-04
1134 2.55693740e-04
1135 2.64059636e-04
1136 2.64518952e-04
1137 2.41532820e-04
1138 2.36251552e-04
1139 2.50017853e-04
1140 2.55890773e-04
1141 2.53177219e-04
1142 2.58819753e-04
1143 2.52342928e-04
1144 2.91844597e-04
1145 2.78783933e-04
1146 2.94428668e-04
1147 2.90280179e-04
1148 2.69447948e-04
1149 2.63089052e-04
1150 2.41786154e-04
1151 2.37878194e-04
1152 2.42032926e-04
1153 2.59251625e-04
1154 2.28781282e-04
1155 2.37179862e-04
1156 2.45493429e-04
1157 2.23707335e-04
1158 2.22983028e-04
1159 2.46196956e-04
1160 2.67947442e-04
1161 2.58573680e-04
1162 2.59738998e-04
1163 2.86278926e-04
1164 2.73828453e-04
1165 2.62587535e-04
1166 2.74110411e-04
1167 2.58295506e-04
1168 2.58835615e-04
1169 2.92681885e-04
1170 2.67364871e-04
1171 2.99489126e-04
1172 2.77546089e-04
1173 2.70833698e-04
1174 2.93934194e-04
1175 2.97797204e-04
1176 3.03188339e-04
1177 2.99550302e-04
1178 2.71282799e-04
1179 2.88778829e-04
1180 2.71437777e-04
1181 2.34089253e-04
1182 2.18103116e-04
1183 2.35780855e-04
1184 2.09531805e-04
1185 2.13530962e-04
1186 2.57838867e-04
1187 2.43477960e-04
1188 2.41258327e-04
1189 2.34121530e-04
1190 2.56425003e-04
1191 2.73408426e-04
1192 2.83857487e-04
1193 2.88164621e-04
1194 2.98146362e-04
1195 2.80848588e-04
1196 2.79075000e-04
1197 2.76941399e-04
1198 2.83199974e-04
1199 2.53331003e-04
1200 2.61272187e-04
1201 2.45448697e-04
1202 2.43013448e-04
1203 2.08484329e-04
1204 2.07266363e-04
1205 1.91351370e-04
1206 2.33167390e-04
1207 2.51522986e-04
1208 2.52835714e-04
1209 2.57709908e-04
1210 2.60838191e-04
1211 2.70205783e-04
1212 2.61256879e-04
1213 2.47110933e-04
1214 2.24349918e-04
1215 2.04639422e-04
1216 2.20320318e-04
1217 2.22274466e-04
1218 2.10214261e-04
1219 2.16626286e-04
1220 2.22645845e-04
1221 2.19944865e-04
1222 2.25676340e-04
1223 2.29938858e-04
1224 2.43322880e-04
1225 2.42464143e-04
1226 2.49063451e-04
1227 2.42341659e-04
1228 2.33211642e-04
1229 2.26605218e-04
1230 2.33347761e-04
1231 2.08860351e-04
1232 2.03791235e-04
1233 2.14206942e-04
1234 2.09842634e-04
1235 1.96496447e-04
1236 1.96449124e-04
1237 2.17902794e-04
1238 1.90394203e-04
1239 2.03120129e-04
1240 2.27712226e-04
1241 1.93021537e-04
1242 2.22837465e-04
1243 2.04917655e-04
1244 2.32810591e-04
1245 2.25244701e-04
1246 2.12232597e-04
1247 2.22199204e-04
1248 2.10327620e-04
1249 2.26789431e-04
1250 2.39121189e-04
1251 2.18614950e-04
1252 2.10440121e-04
1253 2.07986552e-04
1254 2.05869044e-04
1255 2.26074859e-04
1256 2.31872764e-04
1257 2.08929065e-04
1258 2.26474134e-04
1259 2.38150780e-04
1260 2.52398109e-04
1261 2.19797847e-04
1262 2.54727929e-04
1263 2.36983207e-04
1264 2.62670190e-04
1265 2.89318297e-04
1266 2.93656864e-04
1267 2.85127986e-04
1268 2.77330371e-04
1269 2.74945982e-04
1270 2.88820913e-04
1271 3.05825932e-04
1272 2.77577172e-04
1273 2.78899766e-04
1274 2.37868153e-04
1275 2.14804182e-04
1276 1.95814879e-04
1277 1.89637038e-04
1278 1.93817978e-04
1279 1.99859613e-04
1280 2.23453826e-04
1281 1.97001646e-04
1282 2.03246804e-04
1283 2.23767725e-04
1284 2.48119701e-04
1285 2.51989026e-04
1286 2.68946023e-04
1287 2.82971654e-04
1288 2.78406544e-04
1289 2.55788822e-04
1290 2.27772034e-04
1291 2.03371281e-04
1292 1.82472257e-04
1293 1.70741900e-04
1294 1.91081825e-04
1295 1.59971256e-04
1296 1.96524546e-04
1297 2.02318843e-04
1298 2.14858825e-04
1299 1.86186793e-04
1300 1.87862475e-04
1301 1.80610863e-04
1302 1.98662019e-04
1303 1.80268151e-04
1304 1.91523446e-04
1305 1.85907571e-04
1306 1.94163440e-04
1307 1.91879997e-04
1308 1.98624650e-04
1309 1.93244618e-04
1310 1.88822174e-04
1311 1.75562120e-04
1312 1.79983137e-04
1313 2.13630061e-04
1314 1.84526216e-04
1315 2.08761077e-04
1316 2.01233139e-04
1317 1.88915656e-04
1318 2.22656337e-04
1319 2.17029825e-04
1320 2.13337335e-04
1321 2.36609689e-04
1322 2.50958081e-04
1323 2.71147292e-04
1324 2.70314980e-04
1325 3.15621059e-04
1326 2.89780059e-04
1327 3.05286609e-04
1328 2.75528204e-04
1329 2.50627811e-04
1330 2.48446420e-04
1331 2.11736726e-04
1332 2.10853250e-04
1333 1.93626009e-04
1334 1.77819951e-04
1335 1.84225268e-04
1336 1.76607035e-04
1337 2.11323902e-04
1338 1.98915426e-04
1339 2.22592411e-04
1340 2.46452575e-04
1341 2.56193744e-04
1342 2.61001289e-04
1343 2.57229345e-04
1344 2.34002437e-04
1345 2.23566560e-04
1346 1.82040298e-04
1347 1.91037310e-04
1348 1.63762175e-04
1349 1.75847468e-04
1350 1.91125466e-04
1351 1.94349806e-04
1352 1.91753090e-04
1353 2.03587915e-04
1354 2.07937352e-04
1355 2.21310431e-04
1356 2.12123385e-04
1357 1.94442633e-04
1358 1.86576872e-04
1359 1.73092369e-04
1360 1.63875317e-04
1361 1.74525063e-04
1362 1.70923682e-04
1363 1.75928042e-04
1364 1.84068078e-04
1365 1.82141681e-04
1366 1.98429581e-04
1367 1.80412244e-04
1368 1.80458374e-04
1369 2.07259771e-04
1370 1.84519842e-04
1371 1.89529077e-04
1372 1.76107904e-04
1373 1.83942291e-04
1374 1.80766510e-04
1375 1.84948643e-04
1376 1.83736687e-04
1377 1.77034701e-04
1378 1.78777875e-04
1379 1.65904508e-04
1380 1.65843128e-04
1381 1.76892616e-04
1382 1.56530688e-04
1383 1.67550563e-04
1384 1.73825480e-04
1385 1.84426230e-04
1386 1.84650911e-04
1387 1.91352825e-04
1388 1.97505418e-04
1389 1.95001892e-04
1390 2.02388677e-04
1391 2.33841332e-04
1392 2.24656455e-04
1393 2.38240435e-04
1394 2.72659701e-04
1395 3.04058573e-04
1396 3.38070007e-04
1397 3.35664488e-04
1398 3.58056510e-04
1399 3.45276087e-04
1400 3.25355679e-04
1401 2.93754332e-04
1402 2.33758255e-04
1403 1.76212925e-04
1404 1.72092376e-04
1405 1.55809583e-04
1406 1.73123946e-04
1407 1.95903616e-04
1408 2.08507219e-04
1409 2.03683230e-04
1410 2.17654771e-04
1411 2.32772683e-04
1412 2.20508809e-04
1413 1.96918700e-04
1414 1.90803956e-04
1415 1.70718879e-04
1416 1.62481228e-04
1417 1.76874310e-04
1418 1.55969814e-04
1419 1.59242787e-04
1420 1.68438710e-04
1421 1.64065190e-04
1422 1.70723200e-04
1423 1.71466105e-04
1424 1.62989178e-04
1425 1.44435500e-04
1426 1.55907794e-04
1427 1.56606489e-04
1428 1.56296926e-04
1429 1.58931187e-04
1430 1.52075285e-04
1431 1.61226722e-04
1432 1.50549808e-04
1433 1.54145528e-04
1434 1.51704764e-04
1435 1.56441864e-04
1436 1.43347002e-04
1437 1.62581797e-04
1438 1.62936733e-04
1439 1.83034950e-04
1440 1.85590688e-04
1441 1.96821711e-04
1442 1.84485252e-04
1443 1.92625856e-04
1444 1.97541318e-04
1445 1.99943199e-04
1446 2.08451151e-04
1447 2.12652987e-04
1448 2.03774078e-04
1449 2.04374839e-04
1450 1.97503789e-04
1451 1.90274906e-04
1452 1.89579165e-04
1453 2.01073650e-04
1454 1.95186338e-04
1455 2.20874252e-04
1456 1.97043904e-04
1457 2.09593549e-04
1458 1.97811620e-04
1459 2.05556848e-04
1460 1.77284572e-04
1461 1.82689124e-04
1462 1.63087199e-04
1463 1.68654704e-04
1464 1.62415352e-04
1465 1.70496962e-04
1466 1.82620366e-04
1467 1.67403094e-04
1468 1.69895182e-04
1469 1.71304011e-04
1470 1.55033165e-04
1471 1.52050619e-04
1472 1.57854636e-04
1473 1.50887601e-04
1474 1.53252564e-04
1475 1.52995795e-04
1476 1.48268868e-04
1477 1.43574915e-04
1478 1.60445852e-04
1479 1.61013028e-04
1480 1.66364014e-04
1481 1.58764116e-04
1482 1.56899652e-04
1483 1.73329434e-04
1484 1.62211189e-04
1485 1.65586127e-04
1486 1.72039800e-04
1487 1.84735589e-04
1488 2.05603632e-04
1489 2.22079587e-04
1490 2.58421205e-04
1491 3.08141229e-04
1492 3.49128968e-04
1493 3.93650029e-04
1494 4.11759800e-04
1495 4.40385775e-04
1496 4.60426469e-04
1497 4.38200484e-04
1498 3.72209761e-04
1499 2.94508762e-04
1500 2.14779007e-04
1501 1.78511866e-04
1502 1.41182391e-04
1503 1.66195154e-04
1504 1.80066127e-04
1505 2.12355080e-04
1506 2.21446331e-04
1507 2.60973291e-04
1508 2.09858496e-04
1509 2.13351363e-04
1510 1.94044464e-04
1511 1.72225889e-04
1512 1.56877650e-04
1513 1.62564887e-04
1514 1.57891176e-04
1515 1.85097218e-04
1516 2.04142532e-04
1517 2.13437277e-04
1518 2.17111112e-04
1519 2.10420520e-04
1520 1.78401824e-04
1521 1.66577171e-04
1522 1.55295245e-04
1523 1.52173307e-04
1524 1.68029641e-04
1525 1.78841234e-04
1526 1.81443422e-04
1527 1.81714044e-04
1528 1.64012701e-04
1529 1.58121984e-04
1530 1.67079153e-04
1531 1.45467158e-04
1532 1.51623593e-04
1533 1.42414574e-04
1534 1.41801051e-04
1535 1.45209182e-04
1536 1.46294231e-04
1537 1.45211336e-04
1538 1.44765771e-04
1539 1.44840786e-04
1540 1.42769146e-04
1541 1.51384913e-04
1542 1.51197994e-04
1543 1.40708536e-04
1544 1.43911166e-04
1545 1.48524879e-04
1546 1.44244230e-04
1547 1.43251018e-04
1548 1.48891006e-04
1549 1.53109213e-04
1550 1.46318023e-04
1551 1.42946083e-04
1552 1.77435009e-04
1553 1.61069504e-04
1554 1.54043431e-04
1555 1.52917157e-04
1556 1.50860826e-04
1557 1.51004817e-04
1558 1.46062448e-04
1559 1.42903213e-04
1560 1.45358630e-04
1561 1.46731662e-04
1562 1.50097476e-04
1563 1.61030941e-04
1564 1.57141243e-04
1565 1.56646071e-04
1566 1.65686026e-04
1567 1.78216069e-04
1568 1.74809597e-04
1569 1.88901540e-04
1570 1.72811662e-04
1571 1.67493097e-04
1572 1.67951381e-04
1573 1.68869112e-04
1574 1.57908435e-04
1575 1.55410002e-04
1576 1.55990172e-04
1577 1.61868171e-04
1578 1.54513196e-04
1579 1.55214817e-04
1580 1.55767077e-04
1581 1.49369473e-04
1582 1.55983682e-04
1583 1.37577561e-04
1584 1.45288679e-04
1585 1.45336133e-04
1586 1.45956888e-04
1587 1.51347311e-04
1588 1.33974361e-04
1589 1.31932291e-04
1590 1.40877892e-04
1591 1.41157900e-04
1592 1.40321805e-04
1593 1.46133025e-04
1594 1.42732795e-04
1595 1.51261556e-04
1596 1.63588644e-04
1597 1.75686277e-04
1598 1.81945710e-04
1599 2.00876719e-04
1600 2.29362951e-04
1601 2.60581437e-04
1602 3.20308522e-04
1603 3.93425405e-04
1604 5.08980011e-04
1605 6.36032142e-04
1606 7.25461869e-04
1607 7.68359751e-04
1608 7.13167537e-04
1609 5.30026678e-04
1610 3.34888551e-04
1611 1.82734715e-04
1612 1.33304449e-04
1613 2.06471028e-04
1614 3.38206330e-04
1615 4.29942302e-04
1616 4.22898273e-04
1617 3.30723473e-04
1618 2.03913427e-04
1619 1.38695352e-04
1620 1.60105599e-04
1621 1.97285233e-04
1622 2.36925320e-04
1623 2.42567156e-04
1624 2.10974220e-04
1625 1.61124350e-04
1626 1.45297090e-04
1627 1.34599424e-04
1628 1.61582284e-04
1629 1.77203532e-04
1630 1.80961200e-04
1631 1.50315871e-04
1632 1.32034140e-04
1633 1.32737943e-04
1634 1.37548210e-04
1635 1.52030640e-04
1636 1.61177435e-04
1637 1.45848433e-04
1638 1.50030406e-04
1639 1.43627345e-04
1640 1.35601600e-04
1641 1.45478713e-04
1642 1.40229618e-04
1643 1.44118574e-04
1644 1.33542679e-04
1645 1.31437904e-04
1646 1.33462483e-04
1647 1.37002600e-04
1648 1.30527173e-04
1649 1.44476347e-04
1650 1.46432867e-04
1651 1.34621849e-04
1652 1.29218373e-04
1653 1.24682629e-04
1654 1.41560435e-04
1655 1.37686089e-04
1656 1.44343663e-04
1657 1.41442972e-04
1658 1.35126305e-04
1659 1.39579555e-04
1660 1.43251367e-04
1661 1.35460286e-04
1662 1.35243798e-04
1663 1.27179141e-04
1664 1.27896667e-04
1665 1.34270100e-04
1666 1.25691222e-04
1667 1.33705107e-04
1668 1.29912994e-04
1669 1.36239789e-04
1670 1.28510350e-04
1671 1.35977418e-04
1672 1.34558111e-04
1673 1.31997833e-04
1674 1.25461127e-04
1675 1.34479124e-04
1676 1.32790796e-04
1677 1.36178409e-04
1678 1.34783491e-04
1679 1.42710516e-04
1680 1.37462703e-04
1681 1.37202878e-04
1682 1.34655129e-04
1683 1.34156056e-04
1684 1.41745564e-04
1685 1.38858697e-04
1686 1.36793955e-04
1687 1.37136041e-04
1688 1.49505970e-04
1689 1.25976207e-04
1690 1.33094203e-04
1691 1.32284811e-04
1692 1.29639317e-04
1693 1.44685488e-04
1694 1.38679519e-04
1695 1.35427661e-04
1696 1.34835238e-04
1697 1.25665450e-04
1698 1.32212008e-04
1699 1.28685162e-04
1700 1.37634619e-04
1701 1.32676199e-04
1702 1.31768451e-04
1703 1.32767716e-04
1704 1.32749905e-04
1705 1.37503652e-04
1706 1.34543661e-04
1707 1.44576086e-04
1708 1.42588906e-04
1709 1.62025157e-04
1710 1.53114845e-04
1711 1.60743555e-04
1712 1.53675355e-04
1713 1.52781038e-04
1714 1.45093916e-04
1715 1.47945160e-04
1716 1.62677374e-04
1717 1.50838314e-04
1718 1.51396103e-04
1719 1.42251665e-04
1720 1.47748258e-04
1721 1.42952544e-04
1722 1.45173501e-04
1723 1.39643744e-04
1724 1.48314764e-04
1725 1.52370427e-04
1726 1.45589511e-04
1727 1.52988927e-04
1728 1.62054857e-04
1729 1.50296633e-04
1730 1.57815637e-04
1731 1.75524474e-04
1732 1.76080124e-04
1733 1.90986000e-04
1734 1.96868801e-04
1735 2.11840190e-04
1736 2.35994317e-04
1737 2.69727199e-04
1738 3.10660165e-04
1739 3.51031980e-04
1740 3.93346912e-04
1741 4.36903734e-04
1742 4.44388774e-04
1743 4.36480972e-04
1744 3.80312151e-04
1745 3.04689631e-04
1746 2.29338970e-04
1747 1.68192288e-04
1748 1.39495809e-04
1749 1.32493486e-04
1750 1.45984435e-04
1751 1.71840205e-04
1752 1.96192719e-04
1753 2.18732981e-04
1754 2.06750556e-04
1755 1.98289388e-04
1756 1.71048319e-04
1757 1.44828300e-04
1758 1.31088251e-04
1759 1.25439867e-04
1760 1.45889251e-04
1761 1.36180301e-04
1762 1.49591200e-04
1763 1.42812016e-04
1764 1.44890233e-04
1765 1.31568173e-04
1766 1.23896636e-04
1767 1.25481398e-04
1768 1.20666307e-04
1769 1.19868295e-04
1770 1.22634694e-04
1771 1.30449116e-04
1772 1.23621416e-04
1773 1.23065518e-04
1774 1.22592261e-04
1775 1.22689991e-04
1776 1.27738167e-04
1777 1.23667138e-04
1778 1.36034854e-04
1779 1.25060687e-04
1780 1.22063910e-04
1781 1.30375760e-04
1782 1.31147361e-04
1783 1.29296561e-04
1784 1.27940977e-04
1785 1.29453168e-04
1786 1.27519292e-04
1787 1.29646724e-04
1788 1.28139465e-04
1789 1.22919257e-04
1790 1.28477666e-04
1791 1.29747234e-04
1792 1.24636077e-04
1793 1.30280619e-04
1794 1.22927508e-04
1795 1.22934754e-04
1796 1.21770063e-04
1797 1.27347928e-04
1798 1.29514956e-04
1799 1.33093388e-04
1800 1.34307425e-04
1801 1.37348834e-04
1802 1.37464929e-04
1803 1.51421511e-04
1804 1.47153478e-04
1805 1.55686779e-04
1806 1.52664114e-04
1807 1.51366752e-04
1808 1.52538531e-04
1809 1.61738746e-04
1810 1.69868450e-04
1811 1.68400424e-04
1812 1.74487606e-04
1813 1.85011857e-04
1814 1.87625570e-04
1815 1.98554044e-04
1816 1.99232745e-04
1817 2.26153104e-04
1818 2.33367318e-04
1819 2.56235246e-04
1820 2.56962550e-04
1821 2.62784539e-04
1822 2.44487921e-04
1823 2.22171322e-04
1824 2.07745412e-04
1825 1.85404933e-04
1826 1.75027555e-04
1827 1.51116081e-04
1828 1.58166746e-04
1829 1.34512113e-04
1830 1.36647941e-04
1831 1.27930864e-04
1832 1.29263790e-04
1833 1.27896783e-04
1834 1.35068258e-04
1835 1.37510840e-04
1836 1.46019651e-04
1837 1.43828540e-04
1838 1.49916421e-04
1839 1.61126562e-04
1840 1.71647800e-04
1841 1.88044563e-04
1842 1.89478102e-04
1843 2.01191986e-04
1844 2.25182768e-04
1845 2.40058740e-04
1846 2.60071218e-04
1847 2.66476331e-04
1848 2.70608027e-04
1849 2.68962671e-04
1850 2.60003406e-04
1851 2.35960848e-04
1852 2.29390600e-04
1853 1.85089564e-04
1854 1.63656296e-04
1855 1.40714241e-04
1856 1.33366819e-04
1857 1.22123369e-04
1858 1.29092092e-04
1859 1.45881306e-04
1860 1.56139562e-04
1861 1.67491962e-04
1862 1.80480783e-04
1863 1.76362504e-04
1864 1.87359852e-04
1865 1.76899819e-04
1866 1.72942120e-04
1867 1.61093281e-04
1868 1.53003435e-04
1869 1.35809067e-04
1870 1.35232622e-04
1871 1.26681407e-04
1872 1.24831102e-04
1873 1.12140275e-04
1874 1.18170043e-04
1875 1.24808997e-04
1876 1.41781144e-04
1877 1.35231734e-04
1878 1.42281642e-04
1879 1.53604240e-04
1880 1.54454043e-04
1881 1.49746542e-04
1882 1.58084804e-04
1883 1.53637156e-04
1884 1.62042823e-04
1885 1.59496296e-04
1886 1.62514931e-04
1887 1.63838427e-04
1888 1.68164406e-04
1889 1.76219357e-04
1890 1.80341260e-04
1891 1.80605202e-04
1892 1.70637257e-04
1893 1.73836554e-04
1894 1.66209298e-04
1895 1.59482312e-04
1896 1.46721271e-04
1897 1.36031202e-04
1898 1.31041466e-04
1899 1.27262887e-04
1900 1.19082069e-04
1901 1.19084638e-04
1902 1.19763499e-04
1903 1.22885642e-04
1904 1.30640430e-04
1905 1.29294625e-04
1906 1.34732196e-04
1907 1.32750894e-04
1908 1.40216245e-04
1909 1.39520285e-04
1910 1.42659308e-04
1911 1.40526216e-04
1912 1.37690877e-04
1913 1.34258808e-04
1914 1.38158313e-04
1915 1.35340568e-04
1916 1.48598730e-04
1917 1.48801701e-04
1918 1.68727827e-04
1919 1.68654718e-04
1920 1.92530279e-04
1921 2.05066564e-04
1922 2.11486986e-04
1923 2.24928386e-04
1924 2.39517336e-04
1925 2.58415326e-04
1926 2.65760114e-04
1927 2.59659661e-04
1928 2.46720156e-04
1929 2.25118099e-04
1930 2.05281642e-04
1931 1.87642669e-04
1932 1.68262966e-04
1933 1.48859952e-04
1934 1.30644068e-04
1935 1.28583502e-04
1936 1.22036734e-04
1937 1.16464973e-04
1938 1.20759527e-04
1939 1.16369811e-04
1940 1.23232443e-04
1941 1.15298906e-04
1942 1.20673787e-04
1943 1.22100915e-04
1944 1.21240992e-04
1945 1.17458447e-04
1946 1.32593414e-04
1947 1.24787402e-04
1948 1.32517205e-04
1949 1.36354327e-04
1950 1.49488726e-04
1951 1.57158109e-04
1952 1.68600513e-04
1953 1.94840584e-04
1954 2.11003702e-04
1955 2.13089355e-04
1956 2.16592089e-04
1957 2.35758052e-04
1958 2.42992406e-04
1959 2.69291922e-04
1960 2.84617738e-04
1961 3.17825237e-04
1962 3.29189585e-04
1963 3.34144977e-04
1964 3.25413188e-04
1965 2.96539336e-04
1966 2.57760636e-04
1967 2.05971781e-04
1968 1.57450238e-04
1969 1.36320741e-04
1970 1.21667683e-04
1971 1.19359058e-04
1972 1.18174059e-04
1973 1.35390568e-04
1974 1.51812084e-04
1975 1.51194923e-04
1976 1.67322753e-04
1977 1.64060591e-04
1978 1.69285748e-04
1979 1.65823178e-04
1980 1.58014736e-04
1981 1.41111421e-04
1982 1.34725153e-04
1983 1.23314356e-04
1984 1.17645694e-04
1985 1.17535674e-04
1986 1.16587362e-04
1987 1.20193334e-04
1988 1.20366167e-04
1989 1.23132224e-04
1990 1.24937709e-04
1991 1.24863029e-04
1992 1.25595732e-04
1993 1.22194731e-04
1994 1.19284945e-04
1995 1.11337475e-04
1996 1.20350305e-04
1997 1.11669775e-04
1998 1.21024394e-04
1999 1.18076292e-04
2000 1.16370618e-04
2001 1.20719007e-04
2002 1.26030718e-04
2003 1.26103114e-04
2004 1.31304769e-04
2005 1.36144430e-04
2006 1.28265674e-04
2007 1.40147618e-04
2008 1.36732808e-04
2009 1.35921218e-04
2010 1.29348788e-04
2011 1.24556536e-04
2012 1.26043320e-04
2013 1.24666476e-04
2014 1.25808467e-04
2015 1.18094766e-04
2016 1.12707748e-04
2017 1.10848167e-04
2018 1.13680333e-04
2019 1.22560174e-04
2020 1.32752481e-04
2021 1.45706261e-04
2022 1.42822129e-04
2023 1.50615175e-04
2024 1.51376036e-04
2025 1.64137062e-04
2026 1.62227632e-04
2027 1.50186257e-04
2028 1.57718794e-04
2029 1.63559336e-04
2030 1.60524112e-04
2031 1.68020997e-04
2032 1.73820386e-04
2033 1.78244809e-04
2034 2.01185889e-04
2035 2.16691231e-04
2036 2.52614584e-04
2037 2.84264039e-04
2038 3.23487679e-04
2039 3.51587398e-04
2040 3.70095222e-04
2041 3.78744910e-04
2042 3.61991901e-04
2043 3.27221205e-04
2044 2.74151360e-04
2045 2.12626532e-04
2046 1.54957816e-04
2047 1.16358322e-04
2048 1.11802117e-04
2049 1.25556340e-04
2050 1.67126767e-04
2051 2.06466037e-04
2052 2.30388803e-04
2053 2.35975982e-04
2054 2.22233255e-04
2055 1.92615043e-04
2056 1.73233217e-04
2057 1.42191711e-04
2058 1.27724838e-04
2059 1.23493926e-04
2060 1.13502712e-04
2061 1.20087840e-04
2062 1.27453139e-04
2063 1.31645967e-04
2064 1.39561293e-04
2065 1.45850470e-04
2066 1.39944183e-04
2067 1.44407168e-04
2068 1.20949233e-04
2069 1.26822430e-04
2070 1.18557364e-04
2071 1.09480767e-04
2072 1.15162242e-04
2073 1.15283430e-04
2074 1.15486975e-04
2075 1.23342979e-04
2076 1.29642794e-04
2077 1.33784488e-04
2078 1.38036936e-04
2079 1.45995087e-04
2080 1.45028200e-04
2081 1.36967516e-04
2082 1.39855299e-04
2083 1.34619462e-04
2084 1.37395764e-04
2085 1.25303704e-04
2086 1.26579747e-04
2087 1.11433634e-04
2088 1.17586002e-04
2089 1.16537085e-04
2090 1.12436996e-04
2091 1.12324196e-04
2092 1.11075577e-04
2093 1.11296307e-04
2094 1.13062575e-04
2095 1.15774899e-04
2096 1.15947441e-04
2097 1.16814837e-04
2098 1.16971503e-04
2099 1.16033159e-04
2100 1.08309709e-04
2101 1.12804031e-04
2102 1.14724062e-04
2103 1.06016305e-04
2104 1.20469689e-04
2105 1.12644695e-04
2106 1.12018846e-04
2107 1.13231115e-04
2108 1.15614690e-04
2109 1.11885369e-04
2110 1.20850877e-04
2111 1.30945351e-04
2112 1.33850743e-04
2113 1.34990798e-04
2114 1.38055839e-04
2115 1.42539764e-04
2116 1.48179708e-04
2117 1.61662858e-04
2118 1.74128087e-04
2119 1.90996434e-04
2120 2.03108313e-04
2121 2.32113118e-04
2122 2.54812767e-04
2123 2.87492818e-04
2124 3.23507178e-04
2125 3.54018295e-04
2126 3.85831489e-04
2127 3.96566029e-04
2128 3.76629148e-04
2129 3.44581174e-04
2130 2.96627462e-04
2131 2.32631850e-04
2132 1.77180089e-04
2133 1.34567425e-04
2134 1.04930419e-04
2135 1.16020179e-04
2136 1.37477546e-04
2137 1.82804681e-04
2138 2.09775855e-04
2139 2.22009199e-04
2140 2.26476695e-04
2141 2.12812127e-04
2142 1.81058451e-04
2143 1.61079399e-04
2144 1.31618333e-04
2145 1.13263319e-04
2146 1.14317532e-04
2147 1.13568094e-04
2148 1.10951922e-04
2149 1.22672063e-04
2150 1.28548767e-04
2151 1.25495804e-04
2152 1.26098181e-04
2153 1.23075602e-04
2154 1.18729222e-04
2155 1.09328474e-04
2156 1.09676730e-04
2157 1.05714738e-04
2158 1.09998400e-04
2159 1.11877409e-04
2160 1.13361129e-04
2161 1.06039784e-04
2162 1.05539119e-04
2163 1.04804509e-04
2164 1.09318004e-04
2165 1.08819666e-04
2166 1.08407250e-04
2167 1.12985428e-04
2168 1.15139526e-04
2169 1.11878449e-04
2170 1.23270540e-04
2171 1.20955890e-04
2172 1.22301062e-04
2173 1.21369805e-04
2174 1.22806567e-04
2175 1.21279110e-04
2176 1.19907018e-04
2177 1.19925564e-04
2178 1.13031427e-04
2179 1.15973729e-04
2180 1.15723160e-04
2181 1.18732969e-04
2182 1.13298789e-04
2183 1.12998510e-04
2184 1.05615509e-04
2185 1.09710614e-04
2186 1.06411680e-04
2187 1.12315021e-04
2188 1.07291999e-04
2189 1.11549023e-04
2190 1.13736416e-04
2191 1.07531414e-04
2192 1.06368301e-04
2193 1.01041274e-04
2194 1.03348350e-04
2195 1.07238739e-04
2196 1.07374974e-04
2197 1.17938958e-04
2198 1.15807525e-04
2199 1.20544893e-04
2200 1.28968313e-04
2201 1.37882875e-04
2202 1.59989824e-04
2203 1.73501190e-04
2204 1.89995742e-04
2205 2.28799239e-04
2206 2.84284615e-04
2207 3.51992407e-04
2208 4.48383245e-04
2209 5.72731136e-04
2210 7.08760053e-04
2211 8.23037873e-04
2212 8.63983878e-04
2213 7.65431381e-04
2214 5.51914040e-04
2215 2.83592672e-04
2216 1.34178757e-04
2217 1.13974966e-04
2218 2.30120437e-04
2219 3.63100960e-04
2220 4.24168538e-04
2221 3.80612444e-04
2222 2.82816356e-04
2223 1.63905032e-04
2224 1.10458845e-04
2225 1.37003983e-04
2226 2.07617879e-04
2227 2.49421108e-04
2228 2.31241866e-04
2229 1.80076284e-04
2230 1.26462372e-04
2231 1.06898136e-04
2232 1.11719790e-04
2233 1.38263989e-04
2234 1.49869738e-04
2235 1.43769357e-04
2236 1.30683547e-04
2237 1.21919518e-04
2238 1.03952196e-04
2239 1.06555082e-04
2240 1.17763113e-04
2241 1.36633898e-04
2242 1.43011886e-04
2243 1.40984732e-04
2244 1.15870949e-04
2245 1.13939670e-04
2246 1.08141496e-04
2247 1.11793815e-04
2248 1.21521327e-04
2249 1.21959834e-04
2250 1.22355152e-04
2251 1.17619762e-04
2252 1.12789567e-04
2253 1.05144805e-04
2254 1.06406223e-04
2255 1.08628119e-04
2256 1.15544979e-04
2257 1.14164010e-04
2258 1.08034445e-04
2259 1.08335596e-04
2260 1.07291227e-04
2261 1.04942847e-04
2262 1.14213864e-04
2263 1.10231020e-04
2264 1.07277694e-04
2265 1.12288057e-04
2266 1.12627371e-04
2267 1.05877167e-04
2268 1.08552995e-04
2269 1.02594291e-04
2270 1.13593072e-04
2271 1.12038870e-04
2272 1.18711789e-04
2273 1.25966661e-04
2274 1.21725621e-04
2275 1.17311269e-04
2276 1.11066081e-04
2277 1.13659611e-04
2278 1.08681808e-04
2279 1.12145673e-04
2280 1.09767774e-04
2281 1.15730116e-04
2282 1.16052739e-04
2283 1.20317178e-04
2284 1.21960627e-04
2285 1.11363399e-04
2286 1.02961465e-04
2287 1.05142317e-04
2288 1.00729347e-04
2289 1.11171445e-04
2290 1.06732929e-04
2291 1.11455571e-04
2292 1.08651751e-04
2293 1.07428350e-04
2294 1.08073240e-04
2295 1.12226502e-04
2296 1.04634360e-04
2297 1.09103610e-04
2298 9.95539303e-05
2299 9.89456385e-05
2300 1.06428604e-04
2301 1.12044996e-04
2302 1.12625748e-04
2303 1.12968548e-04
2304 1.16945201e-04
2305 1.14777918e-04
2306 1.09461442e-04
2307 1.11368405e-04
2308 1.06316926e-04
2309 1.11374582e-04
2310 1.03017257e-04
2311 1.02736296e-04
2312 1.00008634e-04
2313 1.07411084e-04
2314 1.14457966e-04
2315 1.12719361e-04
2316 1.16112256e-04
2317 1.19835502e-04
2318 1.17413278e-04
2319 1.18854085e-04
2320 1.16252144e-04
2321 1.02743557e-04
2322 1.06890722e-04
2323 1.04776533e-04
2324 1.03449347e-04
2325 1.07269858e-04
2326 1.06452469e-04
2327 1.08609813e-04
2328 1.04050021e-04
2329 1.01641104e-04
2330 1.04226165e-04
2331 9.76960000e-05
2332 1.06232364e-04
2333 1.07093641e-04
2334 1.08557011e-04
2335 1.00915997e-04
2336 9.97403404e-05
2337 1.01374382e-04
2338 1.05589643e-04
2339 1.06918596e-04
2340 1.12646150e-04
2341 1.14180380e-04
2342 1.16289993e-04
2343 1.19008044e-04
2344 1.14526214e-04
2345 1.12902497e-04
2346 1.14499635e-04
2347 1.13400805e-04
2348 1.22713740e-04
2349 1.19360062e-04
2350 1.30616303e-04
2351 1.29793785e-04
2352 1.47977480e-04
2353 1.59940551e-04
2354 1.65401143e-04
2355 1.88998820e-04
2356 2.11548642e-04
2357 2.49001663e-04
2358 2.89515447e-04
2359 3.56313016e-04
2360 4.20655590e-04
2361 4.79470065e-04
2362 5.39106259e-04
2363 5.74600708e-04
2364 5.67427953e-04
2365 5.18813380e-04
2366 4.24032041e-04
2367 3.04750662e-04
2368 1.93136089e-04
2369 1.24810846e-04
2370 1.02647085e-04
2371 1.22280573e-04
2372 1.87265003e-04
2373 2.44923984e-04
2374 2.70810036e-04
2375 2.65949784e-04
2376 2.14834290e-04
2377 1.55866219e-04
2378 1.08880682e-04
2379 9.86917948e-05
2380 1.26569241e-04
2381 1.66139478e-04
2382 1.92378604e-04
2383 1.94245789e-04
2384 1.73967390e-04
2385 1.48241059e-04
2386 1.20114637e-04
2387 1.05452156e-04
2388 1.00112149e-04
2389 1.12834197e-04
2390 1.25552717e-04
2391 1.29694832e-04
2392 1.32995512e-04
2393 1.31015317e-04
2394 1.20800294e-04
2395 1.14622380e-04
2396 1.02378704e-04
2397 1.04957580e-04
2398 1.07543434e-04
2399 1.09424087e-04
2400 1.10637004e-04
2401 1.08081549e-04
2402 1.03229359e-04
2403 9.77114105e-05
2404 1.00174919e-04
2405 1.08037668e-04
2406 1.07375083e-04
2407 1.11103735e-04
2408 1.11549278e-04
2409 1.09730390e-04
2410 1.11594607e-04
2411 1.03624450e-04
2412 1.04065155e-04
2413 1.04882885e-04
2414 1.02654551e-04
2415 1.00052173e-04
2416 9.92007408e-05
2417 9.71674890e-05
2418 1.00187819e-04
2419 9.71004265e-05
2420 1.01907019e-04
2421 1.04120045e-04
2422 1.02015569e-04
2423 1.00338446e-04
2424 9.76404481e-05
2425 1.01889935e-04
2426 9.83643549e-05
2427 1.00040663e-04
2428 9.91480483e-05
2429 1.06611318e-04
2430 1.06594758e-04
2431 9.85846564e-05
2432 1.09727116e-04
2433 1.08232911e-04
2434 1.11107358e-04
2435 1.14561532e-04
2436 1.12231333e-04
2437 1.10576490e-04
2438 1.11882349e-04
2439 1.05080726e-04
2440 1.06424013e-04
2441 1.04833685e-04
2442 9.94749571e-05
2443 1.04797749e-04
2444 1.07362648e-04
2445 1.07178326e-04
2446 1.19665441e-04
2447 1.23960170e-04
2448 1.27216350e-04
2449 1.33681518e-04
2450 1.40546064e-04
2451 1.50300766e-04
2452 1.52907538e-04
2453 1.51912784e-04
2454 1.67889797e-04
2455 1.78562186e-04
2456 2.12015526e-04
2457 2.34994819e-04
2458 2.58381537e-04
2459 2.75663333e-04
2460 2.92215089e-04
2461 2.90280703e-04
2462 2.74533522e-04
2463 2.38039735e-04
2464 2.04787590e-04
2465 1.65352307e-04
2466 1.42725868e-04
2467 1.23352220e-04
2468 1.04417588e-04
2469 1.04047729e-04
2470 1.03032784e-04
2471 1.07595333e-04
2472 1.00367106e-04
2473 1.07847409e-04
2474 1.09670938e-04
2475 1.16355208e-04
2476 1.18313590e-04
2477 1.12545873e-04
2478 1.19794255e-04
2479 1.09645312e-04
2480 1.17970674e-04
2481 1.10092347e-04
2482 1.11755333e-04
2483 1.09700624e-04
2484 1.08762833e-04
2485 1.05806495e-04
2486 1.04581100e-04
2487 1.00792335e-04
2488 1.09072222e-04
2489 1.05036641e-04
2490 1.06301086e-04
2491 1.11001085e-04
2492 1.08238819e-04
2493 1.24528451e-04
2494 1.32209127e-04
2495 1.44570935e-04
2496 1.42052231e-04
2497 1.40552715e-04
2498 1.35090886e-04
2499 1.34611153e-04
2500 1.43997851e-04
2501 1.60648196e-04
2502 1.74813846e-04
2503 1.96484427e-04
2504 2.15588429e-04
2505 2.44706345e-04
2506 2.92171811e-04
2507 3.47796304e-04
2508 3.98726173e-04
2509 4.37790353e-04
2510 4.38121089e-04
2511 3.99326353e-04
2512 3.41639854e-04
2513 2.62779300e-04
2514 1.97905640e-04
2515 1.34441769e-04
2516 1.03768791e-04
2517 1.02127291e-04
2518 1.22356782e-04
2519 1.54399560e-04
2520 1.87704267e-04
2521 1.99416711e-04
2522 1.85879369e-04
2523 1.63083299e-04
2524 1.32712448e-04
2525 1.09993904e-04
2526 1.06146013e-04
2527 9.66903826e-05
2528 1.07378779e-04
2529 1.05177409e-04
2530 1.16922012e-04
2531 1.19884891e-04
2532 1.23258389e-04
2533 1.27355743e-04
2534 1.20009980e-04
2535 1.23119738e-04
2536 1.20628421e-04
2537 1.12326350e-04
2538 1.18572003e-04
2539 1.17611031e-04
2540 1.08341505e-04
2541 1.00050194e-04
2542 9.82271158e-05
2543 9.29561138e-05
2544 1.01552141e-04
2545 9.41099279e-05
2546 9.95109149e-05
2547 9.92916903e-05
2548 1.00135832e-04
2549 9.73404894e-05
2550 1.01891768e-04
2551 9.41601393e-05
2552 9.41233156e-05
2553 1.03343627e-04
2554 9.51331167e-05
2555 9.82439087e-05
2556 1.05118277e-04
2557 9.62247577e-05
2558 9.78156750e-05
2559 9.70530382e-05
2560 9.82341735e-05
2561 9.69963003e-05
2562 9.99464028e-05
2563 9.41452890e-05
2564 9.84307553e-05
2565 9.18471706e-05
2566 9.34988566e-05
2567 9.96323943e-05
2568 9.69226821e-05
2569 9.70572873e-05
2570 1.02105892e-04
2571 9.94938091e-05
2572 9.60396355e-05
2573 1.02163940e-04
2574 9.29028174e-05
2575 1.01636542e-04
2576 9.59231475e-05
2577 9.80414625e-05
2578 1.04604849e-04
2579 1.01241720e-04
2580 9.53862836e-05
2581 1.00645106e-04
2582 9.43242267e-05
2583 9.65251384e-05
2584 9.85431980e-05
2585 9.70657493e-05
2586 1.04368664e-04
2587 1.03571794e-04
2588 1.07625136e-04
2589 1.16843832e-04
2590 1.22021869e-04
2591 1.31173729e-04
2592 1.49495143e-04
2593 1.72524407e-04
2594 2.00890936e-04
2595 2.36435211e-04
2596 2.81462475e-04
2597 3.59755970e-04
2598 4.55442205e-04
2599 5.71717159e-04
2600 6.97225740e-04
2601 7.88155710e-04
2602 8.29764409e-04
2603 7.68508646e-04
2604 6.18064019e-04
2605 4.10504581e-04
2606 2.13945052e-04
2607 1.10048815e-04
2608 1.20498531e-04
2609 2.08579993e-04
2610 3.11886834e-04
2611 3.67392611e-04
2612 3.39229213e-04
2613 2.53687525e-04
2614 1.54028719e-04
2615 1.04027684e-04
2616 1.03593542e-04
2617 1.43693251e-04
2618 1.80426519e-04
2619 1.99002330e-04
2620 1.76311136e-04
2621 1.40086020e-04
2622 1.05529281e-04
2623 1.03390950e-04
2624 1.06732470e-04
2625 1.21532328e-04
2626 1.22290061e-04
2627 1.25836305e-04
2628 1.13604401e-04
2629 1.03806888e-04
2630 1.00072903e-04
2631 9.44701751e-05
2632 9.98130199e-05
2633 9.69532630e-05
2634 1.17493917e-04
2635 1.20941811e-04
2636 1.19718665e-04
2637 1.14222785e-04
2638 1.01193378e-04
2639 9.55369251e-05
2640 9.85274601e-05
2641 1.07779029e-04
2642 1.19852994e-04
2643 1.21752957e-04
2644 1.26880812e-04
2645 1.20173856e-04
2646 1.16261326e-04
2647 1.05634324e-04
2648 1.01422731e-04
2649 9.28294030e-05
2650 1.02762919e-04
2651 1.00179532e-04
2652 1.05844367e-04
2653 1.03484475e-04
2654 9.89511027e-05
2655 9.48924353e-05
2656 9.43850464e-05
2657 9.30945243e-05
2658 1.00773272e-04
2659 9.98073447e-05
2660 9.66301814e-05
2661 1.02018173e-04
2662 9.55193391e-05
2663 9.33678602e-05
2664 9.95938899e-05
2665 1.00886864e-04
2666 1.03985614e-04
2667 1.01582766e-04
2668 1.04832470e-04
2669 9.44383864e-05
2670 9.53359558e-05
2671 9.70841502e-05
2672 9.39112360e-05
2673 1.02001490e-04
2674 1.07304091e-04
2675 1.17928976e-04
2676 1.12816080e-04
2677 1.19901568e-04
2678 1.10720801e-04
2679 1.14622620e-04
2680 1.08779292e-04
2681 1.05901607e-04
2682 1.03118167e-04
2683 9.11166790e-05
2684 9.07449430e-05
2685 9.56885051e-05
2686 9.53835624e-05
2687 9.31164759e-05
2688 9.11149109e-05
2689 9.56704898e-05
2690 9.25131608e-05
2691 9.62822305e-05
2692 9.38395387e-05
2693 9.31783070e-05
2694 9.09522350e-05
2695 9.06214045e-05
2696 9.60845282e-05
2697 9.65205909e-05
2698 9.80430996e-05
2699 9.32808980e-05
2700 9.06053610e-05
2701 9.59239187e-05
2702 9.19554295e-05
2703 9.83731443e-05
2704 9.60036778e-05
2705 9.72917915e-05
2706 9.54249990e-05
2707 9.40883110e-05
2708 9.62007689e-05
2709 9.52066912e-05
2710 9.60290199e-05
2711 1.00984755e-04
2712 1.00018457e-04
2713 1.01412654e-04
2714 9.61284240e-05
2715 9.71201225e-05
2716 9.47163207e-05
2717 1.00715624e-04
2718 9.75864314e-05
2719 9.16082281e-05
2720 9.35955250e-05
2721 9.28334048e-05
2722 9.27349392e-05
2723 9.56308795e-05
2724 1.05513303e-04
2725 1.06946929e-04
2726 1.22612109e-04
2727 1.35218928e-04
2728 1.46798906e-04
2729 1.64352852e-04
2730 1.98682072e-04
2731 2.29534140e-04
2732 2.56300758e-04
2733 2.94884609e-04
2734 3.34314740e-04
2735 3.81225487e-04
2736 4.36639559e-04
2737 4.85391793e-04
2738 5.16908127e-04
2739 5.17271459e-04
2740 4.57525253e-04
2741 3.66389606e-04
2742 2.59811146e-04
2743 1.63572811e-04
2744 9.96708259e-05
2745 9.23556217e-05
2746 1.24516271e-04
2747 1.66116894e-04
2748 2.08410405e-04
2749 2.44421593e-04
2750 2.51686084e-04
2751 2.28266494e-04
2752 1.89009355e-04
2753 1.52531400e-04
2754 1.11892950e-04
2755 9.88253159e-05
2756 9.32900075e-05
2757 1.16329909e-04
2758 1.35499475e-04
2759 1.50272797e-04
2760 1.54305890e-04
2761 1.47184634e-04
2762 1.31242938e-04
2763 1.13437411e-04
2764 9.81191843e-05
2765 9.68882450e-05
2766 9.08656511e-05
2767 1.02438462e-04
2768 1.20004377e-04
2769 1.36560935e-04
2770 1.36779563e-04
2771 1.43350277e-04
2772 1.27460822e-04
2773 1.17943433e-04
2774 1.01818892e-04
2775 9.94604561e-05
2776 9.27688307e-05
2777 9.37684381e-05
2778 9.93421345e-05
2779 1.03767692e-04
2780 1.06435116e-04
2781 1.11501962e-04
2782 1.05093583e-04
2783 1.02825885e-04
2784 1.00041871e-04
2785 9.22877880e-05
2786 9.06861824e-05
2787 8.70761869e-05
2788 9.56545482e-05
2789 1.04504288e-04
2790 1.04694271e-04
2791 1.05829116e-04
2792 1.11343339e-04
2793 1.13088281e-04
2794 1.06109794e-04
2795 1.06698040e-04
2796 1.01733582e-04
2797 9.25215718e-05
2798 8.92081007e-05
2799 9.25028799e-05
2800 9.19105150e-05
2801 9.20916282e-05
2802 9.28278969e-05
2803 9.62268532e-05
2804 9.57463635e-05
2805 9.63652856e-05
2806 9.10052840e-05
2807 9.20769817e-05
2808 9.71804911e-05
2809 9.34257841e-05
2810 9.16904464e-05
2811 9.23024199e-05
2812 1.02000515e-04
2813 1.01892278e-04
2814 1.21445599e-04
2815 1.29715831e-04
2816 1.38198142e-04
2817 1.47605722e-04
2818 1.58219598e-04
2819 1.58137002e-04
2820 1.63289587e-04
2821 1.68403843e-04
2822 1.64703088e-04
2823 1.56376729e-04
2824 1.40367425e-04
2825 1.20114601e-04
2826 1.06041218e-04
2827 9.39817328e-05
2828 8.90284064e-05
2829 9.11232055e-05
2830 9.49282839e-05
2831 1.10809102e-04
2832 1.17184376e-04
2833 1.32114379e-04
2834 1.43280369e-04
2835 1.55434391e-04
2836 1.60507698e-04
2837 1.54584282e-04
2838 1.51544562e-04
2839 1.49389612e-04
2840 1.46305261e-04
2841 1.42323290e-04
2842 1.31988883e-04
2843 1.35263515e-04
2844 1.30812157e-04
2845 1.35378170e-04
2846 1.40777120e-04
2847 1.41045020e-04
2848 1.42332152e-04
2849 1.44116333e-04
2850 1.45826285e-04
2851 1.41505559e-04
2852 1.42215606e-04
2853 1.36866845e-04
2854 1.23934398e-04
2855 1.14132170e-04
2856 1.06087464e-04
2857 1.00079254e-04
2858 9.65744257e-05
2859 9.15536875e-05
2860 9.56929507e-05
2861 9.42188781e-05
2862 9.01467429e-05
2863 9.24179840e-05
2864 9.09565715e-05
2865 9.61513870e-05
2866 9.55467840e-05
2867 8.74722828e-05
2868 9.76303563e-05
2869 9.04767439e-05
2870 9.18263904e-05
2871 9.18934384e-05
2872 8.59305219e-05
2873 9.44902931e-05
2874 9.11254174e-05
2875 9.55684081e-05
2876 8.94575642e-05
2877 9.41271137e-05
2878 9.61135811e-05
2879 8.78136416e-05
2880 9.77208838e-05
2881 1.00600075e-04
2882 1.00488840e-04
2883 9.82836791e-05
2884 1.07789587e-04
2885 1.21934427e-04
2886 1.33217341e-04
2887 1.55562389e-04
2888 1.86837715e-04
2889 2.29229801e-04
2890 2.78302730e-04
2891 3.52706964e-04
2892 4.48736886e-04
2893 5.50857105e-04
2894 6.50128233e-04
2895 7.45934260e-04
2896 8.06963362e-04
2897 7.97346351e-04
2898 7.02057907e-04
2899 5.11735212e-04
2900 2.94097030e-04
2901 1.39305688e-04
2902 9.08060247e-05
2903 1.51431828e-04
2904 2.63004506e-04
2905 3.56196280e-04
2906 3.82163213e-04
2907 3.38189886e-04
2908 2.25294993e-04
2909 1.34759699e-04
2910 9.19682279e-05
2911 1.13648326e-04
2912 1.80815900e-04
2913 2.38602588e-04
2914 2.46656302e-04
2915 2.05044853e-04
2916 1.47176979e-04
2917 9.69601242e-05
2918 9.80682526e-05
2919 1.11992726e-04
2920 1.31839246e-04
2921 1.46876220e-04
2922 1.31713008e-04
2923 1.23118720e-04
2924 1.00397905e-04
2925 8.90600932e-05
2926 8.62731249e-05
2927 1.01194943e-04
2928 1.07666194e-04
2929 1.13036338e-04
2930 1.14945302e-04
2931 1.00059493e-04
2932 9.15193668e-05
2933 9.20614111e-05
2934 9.79032775e-05
2935 1.12733942e-04
2936 1.13683782e-04
2937 1.24324928e-04
2938 1.07253582e-04
2939 9.71588670e-05
2940 8.71016600e-05
2941 8.83184985e-05
2942 8.86853595e-05
2943 9.86224404e-05
2944 1.00793055e-04
2945 1.04361650e-04
2946 1.01703583e-04
2947 8.90355223e-05
2948 8.67803028e-05
2949 8.48518757e-05
2950 9.28077206e-05
2951 9.12699470e-05
2952 9.54460847e-05
2953 8.98440703e-05
2954 9.23693588e-05
2955 9.29513117e-05
2956 9.05714915e-05
2957 8.86995840e-05
2958 8.89636140e-05
2959 8.06696771e-05
2960 8.44758324e-05
2961 9.22536492e-05
2962 8.35445899e-05
2963 8.52281810e-05
2964 8.97862192e-05
2965 8.89881921e-05
2966 8.96113779e-05
2967 9.08845832e-05
2968 8.71350494e-05
2969 8.92314274e-05
2970 8.85220434e-05
2971 8.23997179e-05
2972 8.79720610e-05
2973 8.78823848e-05
2974 8.16262545e-05
2975 8.33139420e-05
2976 8.62253437e-05
2977 9.37820078e-05
2978 9.24644992e-05
2979 9.03973414e-05
2980 8.81622036e-05
2981 8.88692521e-05
2982 8.96780839e-05
2983 9.07351350e-05
2984 9.03614273e-05
2985 8.54591854e-05
2986 8.53295132e-05
2987 9.11171373e-05
2988 8.95295598e-05
2989 9.37194345e-05
2990 9.94138318e-05
2991 9.20578605e-05
2992 9.83494756e-05
2993 1.01293372e-04
2994 1.03520644e-04
2995 9.82376150e-05
2996 9.58947057e-05
2997 9.92420901e-05
2998 8.66778864e-05
2999 8.81877932e-05
3000 8.72315723e-05
3001 9.00051309e-05
3002 9.13936165e-05
3003 8.91655363e-05
3004 9.25108179e-05
3005 1.02610749e-04
3006 1.04397339e-04
3007 1.13350630e-04
3008 1.25970808e-04
3009 1.28620479e-04
3010 1.25379549e-04
3011 1.17620395e-04
3012 1.19922763e-04
3013 1.10086374e-04
3014 1.13586240e-04
3015 1.15239396e-04
3016 1.13400398e-04
3017 1.31371213e-04
3018 1.37562223e-04
3019 1.53796514e-04
3020 1.67002669e-04
3021 1.88279490e-04
3022 1.97566318e-04
3023 2.09342703e-04
3024 2.17610257e-04
3025 2.18719855e-04
3026 2.12996209e-04
3027 2.11356644e-04
3028 2.15838838e-04
3029 2.04743526e-04
3030 2.05347460e-04
3031 2.00442868e-04
3032 1.80311428e-04
3033 1.71374500e-04
3034 1.52214139e-04
3035 1.33373687e-04
3036 1.14531547e-04
3037 9.70508263e-05
3038 8.53882302e-05
3039 8.03793810e-05
3040 8.94455079e-05
3041 9.47037843e-05
3042 1.04408464e-04
3043 1.18011594e-04
3044 1.26802464e-04
3045 1.33149762e-04
3046 1.35652255e-04
3047 1.30297994e-04
3048 1.25419159e-04
3049 1.24485581e-04
3050 1.14161441e-04
3051 1.09461864e-04
3052 1.08805049e-04
3053 1.01509781e-04
3054 1.01878009e-04
3055 9.05858615e-05
3056 8.61011140e-05
3057 8.57982304e-05
3058 8.46391267e-05
3059 8.54697937e-05
3060 9.34060809e-05
3061 9.71847694e-05
3062 1.00624980e-04
3063 9.72946000e-05
3064 9.86406521e-05
3065 9.95926384e-05
3066 9.37052755e-05
3067 9.34491545e-05
3068 9.45425054e-05
3069 9.87680614e-05
3070 9.98946416e-05
3071 1.01841091e-04
3072 1.08410357e-04
3073 1.15783128e-04
3074 1.30906337e-04
3075 1.44758917e-04
3076 1.57253686e-04
3077 1.75882509e-04
3078 2.02997384e-04
3079 2.43658593e-04
3080 2.75012571e-04
3081 3.03597189e-04
3082 3.21876723e-04
3083 3.21751548e-04
3084 3.08025337e-04
3085 2.67868279e-04
3086 2.22752860e-04
3087 1.74588757e-04
3088 1.36361996e-04
3089 1.09242210e-04
3090 8.91913296e-05
3091 8.49600910e-05
3092 8.89757503e-05
3093 9.56639415e-05
3094 9.34870695e-05
3095 1.00595928e-04
3096 9.81845587e-05
3097 1.04369261e-04
3098 1.02920836e-04
3099 9.80986370e-05
3100 1.01152706e-04
3101 9.43387422e-05
3102 1.00816353e-04
3103 1.12594797e-04
3104 1.10517765e-04
3105 1.22110316e-04
3106 1.26621730e-04
3107 1.35072565e-04
3108 1.36566901e-04
3109 1.31319655e-04
3110 1.27024658e-04
3111 1.14739414e-04
3112 1.05582360e-04
3113 1.03486360e-04
3114 9.66065563e-05
3115 9.26355133e-05
3116 9.11712414e-05
3117 8.77888888e-05
3118 8.39436616e-05
3119 8.29342389e-05
3120 8.34786770e-05
3121 8.60869841e-05
3122 8.42482841e-05
3123 8.74117904e-05
3124 8.38446940e-05
3125 8.67048584e-05
3126 8.36891195e-05
3127 8.64714821e-05
3128 8.41316796e-05
3129 8.61033623e-05
3130 8.20742862e-05
3131 8.55619073e-05
3132 8.01932329e-05
3133 8.28033299e-05
3134 8.67977797e-05
3135 8.76012418e-05
3136 9.72989073e-05
3137 9.38003868e-05
3138 9.94244256e-05
3139 1.10168010e-04
3140 1.16893658e-04
3141 1.39118929e-04
3142 1.63569042e-04
3143 1.94916240e-04
3144 2.34262116e-04
3145 2.84155481e-04
3146 3.55359021e-04
3147 4.44294070e-04
3148 5.43311296e-04
3149 6.32271694e-04
3150 6.82353275e-04
3151 6.77637116e-04
3152 6.03000866e-04
3153 4.84595250e-04
3154 3.26170295e-04
3155 1.88228732e-04
3156 9.84619037e-05
3157 9.47846202e-05
3158 1.50099731e-04
3159 2.17857189e-04
3160 2.65680603e-04
3161 2.70881050e-04
3162 2.39957793e-04
3163 1.72161192e-04
3164 1.11544345e-04
3165 8.18802509e-05
3166 9.20202874e-05
3167 1.30500528e-04
3168 1.76188900e-04
3169 2.00730996e-04
3170 2.10332859e-04
3171 1.87695565e-04
3172 1.47652740e-04
3173 1.12379952e-04
3174 8.86145062e-05
3175 9.28413938e-05
3176 1.13398870e-04
3177 1.36548275e-04
3178 1.47998333e-04
3179 1.36987714e-04
3180 1.09879205e-04
3181 9.01703606e-05
3182 8.19026463e-05
3183 8.63303212e-05
3184 1.07889682e-04
3185 1.23902457e-04
3186 1.33124311e-04
3187 1.33960057e-04
3188 1.26509127e-04
3189 1.07175962e-04
3190 9.84786166e-05
3191 8.34898965e-05
3192 8.61713997e-05
3193 8.99766746e-05
3194 9.74606664e-05
3195 1.06442836e-04
3196 1.00719059e-04
3197 9.62297199e-05
3198 9.06613132e-05
3199 8.03366129e-05
3200 7.80545524e-05
3201 8.37080079e-05
3202 8.36642357e-05
3203 9.38850644e-05
3204 9.23163607e-05
3205 8.97348218e-05
3206 8.95486155e-05
3207 8.91378731e-05
3208 8.90756346e-05
3209 8.32933729e-05
3210 8.36436011e-05
3211 8.72186574e-05
3212 8.01030401e-05
3213 8.61822409e-05
3214 8.28664852e-05
3215 7.86508754e-05
3216 8.19482957e-05
3217 8.40276043e-05
3218 8.15675521e-05
3219 8.23798546e-05
3220 8.39442873e-05
3221 7.58804890e-05
3222 7.95800952e-05
3223 8.23285664e-05
3224 8.49517310e-05
3225 8.41506262e-05
3226 9.02925676e-05
3227 8.52684461e-05
3228 9.73977731e-05
3229 9.85590741e-05
3230 9.94371585e-05
3231 1.03281505e-04
3232 1.00027733e-04
3233 1.00342455e-04
3234 1.05314575e-04
3235 9.34059790e-05
3236 9.31537434e-05
3237 9.01944150e-05
3238 8.51295845e-05
3239 8.67204144e-05
3240 8.21822978e-05
3241 8.41786605e-05
3242 8.44715105e-05
3243 9.91214692e-05
3244 1.07680600e-04
3245 1.21581550e-04
3246 1.32671033e-04
3247 1.51786910e-04
3248 1.59333867e-04
3249 1.66465063e-04
3250 1.69477644e-04
3251 1.69172781e-04
3252 1.62556811e-04
3253 1.61500269e-04
3254 1.58927141e-04
3255 1.43100508e-04
3256 1.33062757e-04
3257 1.16583542e-04
3258 1.07126085e-04
3259 1.02123515e-04
3260 9.51506372e-05
3261 8.90168740e-05
3262 8.76999984e-05
3263 8.36567342e-05
3264 8.47171978e-05
3265 8.04801384e-05
3266 8.43460657e-05
3267 8.53111997e-05
3268 8.27788608e-05
3269 8.18456392e-05
3270 8.01815040e-05
3271 8.23367664e-05
3272 8.26596952e-05
3273 8.46533221e-05
3274 8.41312794e-05
3275 8.41864385e-05
3276 8.60810615e-05
3277 8.47957417e-05
3278 8.33157101e-05
3279 8.04367737e-05
3280 8.27270924e-05
3281 8.27521944e-05
3282 8.31637808e-05
3283 8.57459236e-05
3284 8.34207021e-05
3285 9.02284592e-05
3286 9.59745375e-05
3287 1.08873915e-04
3288 1.29324806e-04
3289 1.53943518e-04
3290 1.84990626e-04
3291 2.20061018e-04
3292 2.47678399e-04
3293 3.08341056e-04
3294 3.81189893e-04
3295 4.57727583e-04
3296 5.48854005e-04
3297 6.23647822e-04
3298 6.58710196e-04
3299 6.49690512e-04
3300 5.79524029e-04
3301 4.40049509e-04
3302 2.75716768e-04
3303 1.45262675e-04
3304 8.55081016e-05
3305 9.39341044e-05
3306 1.40950724e-04
3307 1.90949562e-04
3308 2.20615606e-04
3309 2.18146015e-04
3310 1.78367671e-04
3311 1.38509524e-04
3312 9.66359366e-05
3313 8.37871630e-05
3314 8.34176026e-05
3315 1.03159611e-04
3316 1.24896702e-04
3317 1.40084128e-04
3318 1.54715672e-04
3319 1.44766003e-04
3320 1.28084197e-04
3321 1.02792023e-04
3322 8.16123429e-05
3323 8.75147016e-05
3324 8.26598844e-05
3325 9.17761718e-05
3326 1.04842795e-04
3327 1.09405330e-04
3328 1.21238263e-04
3329 1.06573287e-04
3330 1.07830652e-04
3331 9.50887770e-05
3332 9.13546246e-05
3333 8.47371921e-05
3334 8.36684994e-05
3335 8.51530422e-05
3336 8.09981721e-05
3337 7.83986616e-05
3338 8.60594955e-05
3339 7.87106401e-05
3340 8.11564387e-05
3341 7.91631683e-05
3342 8.41963265e-05
3343 7.88763718e-05
3344 8.37625121e-05
3345 8.12527942e-05
3346 7.99468253e-05
3347 8.22019501e-05
3348 7.99719564e-05
3349 8.02557479e-05
3350 8.27195763e-05
3351 8.25601746e-05
3352 8.45686664e-05
3353 8.45058821e-05
3354 8.83314133e-05
3355 8.86233465e-05
3356 8.43363960e-05
3357 8.93947072e-05
3358 8.54639584e-05
3359 8.52193698e-05
3360 8.51600344e-05
3361 8.58970161e-05
3362 8.23228693e-05
3363 7.95469095e-05
3364 8.00908529e-05
3365 8.05224117e-05
3366 8.31794969e-05
3367 7.65495206e-05
3368 7.89742262e-05
3369 8.11418067e-05
3370 7.96035602e-05
3371 8.44271926e-05
3372 8.43356102e-05
3373 8.83080866e-05
3374 8.36580875e-05
3375 8.46093390e-05
3376 8.38588385e-05
3377 8.68044954e-05
3378 8.82096865e-05
3379 8.43653761e-05
3380 9.02774918e-05
3381 8.54541868e-05
3382 8.72613164e-05
3383 8.56717743e-05
3384 8.48682394e-05
3385 8.30410136e-05
3386 8.40225257e-05
3387 8.30095087e-05
3388 7.94304069e-05
3389 8.04548326e-05
3390 8.38189371e-05
3391 9.04142944e-05
3392 8.45939576e-05
3393 8.98225699e-05
3394 9.80408149e-05
3395 1.08227934e-04
3396 1.13152491e-04
3397 1.25735285e-04
3398 1.34446556e-04
3399 1.53923102e-04
3400 1.74205139e-04
3401 2.03482909e-04
3402 2.43279064e-04
3403 2.87651143e-04
3404 3.39669437e-04
3405 3.82822123e-04
3406 4.11449815e-04
3407 4.25528036e-04
3408 4.33461450e-04
3409 4.07747488e-04
3410 3.55866767e-04
3411 2.93459103e-04
3412 2.18826724e-04
3413 1.58563809e-04
3414 1.02037120e-04
3415 7.84660806e-05
3416 7.64083816e-05
3417 1.00101905e-04
3418 1.38641961e-04
3419 1.64475845e-04
3420 1.93127547e-04
3421 1.96123612e-04
3422 1.84520628e-04
3423 1.64514757e-04
3424 1.38738978e-04
3425 1.18723619e-04
3426 9.32025359e-05
3427 7.76285815e-05
3428 7.83852956e-05
3429 8.98008584e-05
3430 1.05516781e-04
3431 1.13137474e-04
3432 1.18675693e-04
3433 1.09481291e-04
3434 1.05240717e-04
3435 9.25364147e-05
3436 8.42032823e-05
3437 7.68107711e-05
3438 7.95879751e-05
3439 8.17195178e-05
3440 8.54378886e-05
3441 9.19154991e-05
3442 9.16455610e-05
3443 9.32904150e-05
3444 9.70189576e-05
3445 9.88616448e-05
3446 9.77938907e-05
3447 9.77079690e-05
3448 9.55792493e-05
3449 9.58422534e-05
3450 9.40000318e-05
3451 8.64726171e-05
3452 8.36571417e-05
3453 7.33288398e-05
3454 8.11760037e-05
3455 8.12935541e-05
3456 7.54771900e-05
3457 7.51627667e-05
3458 7.80493865e-05
3459 7.82064890e-05
3460 8.45495597e-05
3461 8.37246480e-05
3462 8.56516417e-05
3463 8.79224463e-05
3464 8.61079316e-05
3465 8.20931382e-05
3466 8.01516580e-05
3467 7.93034415e-05
3468 8.46828552e-05
3469 7.93854997e-05
3470 7.64287906e-05
3471 7.44636054e-05
3472 8.03281218e-05
3473 7.58923561e-05
3474 8.03576913e-05
3475 8.04977171e-05
3476 8.18862973e-05
3477 8.53850652e-05
3478 9.48586530e-05
3479 9.72042253e-05
3480 9.77835152e-05
3481 1.09912806e-04
3482 1.13935632e-04
3483 1.25696402e-04
3484 1.37427996e-04
3485 1.49530955e-04
3486 1.62743643e-04
3487 1.77599562e-04
3488 1.90912469e-04
3489 2.10732251e-04
3490 2.21445196e-04
3491 2.34706371e-04
3492 2.46224605e-04
3493 2.59873195e-04
3494 2.76996201e-04
3495 2.95444275e-04
3496 3.08788382e-04
3497 3.11077340e-04
3498 2.91125121e-04
3499 2.69988755e-04
3500 2.42259106e-04
3501 2.10606318e-04
3502 1.87919257e-04
3503 1.62618162e-04
3504 1.33701571e-04
3505 1.08462620e-04
3506 8.89686053e-05
3507 7.61490883e-05
3508 8.33432132e-05
3509 8.55983017e-05
3510 8.91554300e-05
3511 1.06289001e-04
3512 1.10646375e-04
3513 1.24529266e-04
3514 1.28578147e-04
3515 1.30613422e-04
3516 1.22512982e-04
3517 1.17232994e-04
3518 1.07588727e-04
3519 1.01062004e-04
3520 8.56411571e-05
3521 7.79858965e-05
3522 7.26211001e-05
3523 8.05936434e-05
3524 8.02397481e-05
3525 8.44919414e-05
3526 8.53828969e-05
3527 9.30836613e-05
3528 9.34895070e-05
3529 9.10802846e-05
3530 8.68817006e-05
3531 8.47391639e-05
3532 8.41439032e-05
3533 7.69085382e-05
3534 8.15681269e-05
3535 8.26373798e-05
3536 8.21713984e-05
3537 8.18610715e-05
3538 7.35843496e-05
3539 8.03861767e-05
3540 6.99465090e-05
3541 7.65744262e-05
3542 7.81978160e-05
3543 7.62459167e-05
3544 7.23969133e-05
3545 7.86545352e-05
3546 7.71278574e-05
3547 7.88897014e-05
3548 8.60218715e-05
3549 8.18774861e-05
3550 8.46738476e-05
3551 9.11518873e-05
3552 9.20994644e-05
3553 9.65311483e-05
3554 1.05532752e-04
3555 1.15242830e-04
3556 1.27839274e-04
3557 1.38205476e-04
3558 1.55973234e-04
3559 1.80129515e-04
3560 2.26990160e-04
3561 2.78734078e-04
3562 3.50432121e-04
3563 4.16325551e-04
3564 4.69525839e-04
3565 4.99514281e-04
3566 4.82909381e-04
3567 4.14949027e-04
3568 3.14810255e-04
3569 2.11815059e-04
3570 1.28244152e-04
3571 8.39759596e-05
3572 7.77941459e-05
3573 9.75496587e-05
3574 1.43158526e-04
3575 1.76640780e-04
3576 2.02825817e-04
3577 2.17933673e-04
3578 2.06565062e-04
3579 1.86703561e-04
3580 1.58297931e-04
3581 1.24423212e-04
3582 9.28961963e-05
3583 7.63867574e-05
3584 8.01402784e-05
3585 8.36601102e-05
3586 9.50180838e-05
3587 1.10321962e-04
3588 1.27971784e-04
3589 1.35098802e-04
3590 1.41730387e-04
3591 1.29759967e-04
3592 1.15941679e-04
3593 1.09936584e-04
3594 9.61570840e-05
3595 8.13198858e-05
3596 7.72157800e-05
3597 7.76302550e-05
3598 7.73495703e-05
3599 8.10153724e-05
3600 8.40428620e-05
3601 8.81231608e-05
3602 8.65880356e-05
3603 8.87103815e-05
3604 9.09202572e-05
3605 9.23821717e-05
3606 8.57799751e-05
3607 9.43359119e-05
3608 8.24678209e-05
3609 8.21983049e-05
3610 7.58293900e-05
3611 7.87548415e-05
3612 7.29473832e-05
3613 7.51768166e-05
3614 7.67702586e-05
3615 7.92483042e-05
3616 7.92198771e-05
3617 8.65375696e-05
3618 8.63911700e-05
3619 9.10493836e-05
3620 8.82821041e-05
3621 8.74326070e-05
3622 9.00859377e-05
3623 8.87812566e-05
3624 8.69712458e-05
3625 8.11263671e-05
3626 8.04041338e-05
3627 7.54829380e-05
3628 7.78576941e-05
3629 7.26946528e-05
3630 7.88075195e-05
3631 7.48313105e-05
3632 7.34575005e-05
3633 7.45894067e-05
3634 7.56057343e-05
3635 7.25533610e-05
3636 7.43870696e-05
3637 7.95212763e-05
3638 7.26227299e-05
3639 7.67960228e-05
3640 7.41701588e-05
3641 7.41990807e-05
3642 7.41228650e-05
3643 7.58360693e-05
3644 7.50529289e-05
3645 7.85515003e-05
3646 7.68190439e-05
3647 7.45005746e-05
3648 8.12599028e-05
3649 8.45899340e-05
3650 8.98440558e-05
3651 9.31345057e-05
3652 9.80874975e-05
3653 1.06966210e-04
3654 1.11879868e-04
3655 1.25009741e-04
3656 1.38052710e-04
3657 1.56999347e-04
3658 1.80798990e-04
3659 2.01766510e-04
3660 2.32177917e-04
3661 2.69423501e-04
3662 3.10833886e-04
3663 3.67790170e-04
3664 4.27414634e-04
3665 4.81077237e-04
3666 5.22539485e-04
3667 5.63527807e-04
3668 5.68860909e-04
3669 5.19361754e-04
3670 4.38845309e-04
3671 3.25258443e-04
3672 2.12273473e-04
3673 1.21899175e-04
3674 8.07053730e-05
3675 8.62828529e-05
3676 1.35564507e-04
3677 1.85549958e-04
3678 2.18348054e-04
3679 2.34475621e-04
3680 2.00331284e-04
3681 1.60762997e-04
3682 1.09042630e-04
3683 7.47908416e-05
3684 8.41167857e-05
3685 9.89004329e-05
3686 1.29635999e-04
3687 1.49517611e-04
3688 1.51847154e-04
3689 1.39803393e-04
3690 1.16480602e-04
3691 9.64440915e-05
3692 8.01602000e-05
3693 8.16786996e-05
3694 7.78005124e-05
3695 8.13594161e-05
3696 9.21319734e-05
3697 9.57334996e-05
3698 1.05933599e-04
3699 9.58354067e-05
3700 9.17765792e-05
3701 9.02615284e-05
3702 7.94091684e-05
3703 7.83084106e-05
3704 7.37154696e-05
3705 7.74232685e-05
3706 7.69144317e-05
3707 8.27310287e-05
3708 8.81071246e-05
3709 9.29336020e-05
3710 9.31492395e-05
3711 8.53813908e-05
3712 8.40350767e-05
3713 8.06678145e-05
3714 7.93762156e-05
3715 7.57636444e-05
3716 7.50282925e-05
3717 7.48330494e-05
3718 7.36886068e-05
3719 7.91594794e-05
3720 8.18783883e-05
3721 8.88524155e-05
3722 8.37152184e-05
3723 8.68275165e-05
3724 8.67739000e-05
3725 8.23329538e-05
3726 8.08148470e-05
3727 7.26492217e-05
3728 7.54900757e-05
3729 7.08868029e-05
3730 7.71557025e-05
3731 7.60721159e-05
3732 7.95349115e-05
3733 9.13234107e-05
3734 9.08067013e-05
3735 8.94567784e-05
3736 1.04816936e-04
3737 1.09509907e-04
3738 1.15900271e-04
3739 1.19922886e-04
3740 1.24605343e-04
3741 1.29077816e-04
3742 1.29875654e-04
3743 1.27247069e-04
3744 1.28967600e-04
3745 1.19450226e-04
3746 1.18805779e-04
3747 1.16679250e-04
3748 1.14433533e-04
3749 1.17448406e-04
3750 1.15071940e-04
3751 1.08809108e-04
3752 1.09207962e-04
3753 1.01475962e-04
3754 9.91504348e-05
3755 9.30984461e-05
3756 8.70416116e-05
3757 7.57177113e-05
3758 7.39326642e-05
3759 7.48831953e-05
3760 7.18507144e-05
3761 7.57445450e-05
3762 8.10133133e-05
3763 8.15193998e-05
3764 8.33836748e-05
3765 8.03993535e-05
3766 8.42440495e-05
3767 8.46731782e-05
3768 8.83425892e-05
3769 9.09705850e-05
3770 9.40882164e-05
3771 9.45478823e-05
3772 1.06218526e-04
3773 1.00193873e-04
3774 1.05450432e-04
3775 1.13627902e-04
3776 1.18869066e-04
3777 1.35657843e-04
3778 1.45934522e-04
3779 1.66005586e-04
3780 1.82983043e-04
3781 2.12636718e-04
3782 2.43989154e-04
3783 2.76840961e-04
3784 3.15253332e-04
3785 3.53319629e-04
3786 3.63057683e-04
3787 3.66703287e-04
3788 3.45034758e-04
3789 3.03935260e-04
3790 2.54966755e-04
3791 1.93018030e-04
3792 1.39690761e-04
3793 9.62511040e-05
3794 7.21701144e-05
3795 7.42943230e-05
3796 9.42360639e-05
3797 1.23133272e-04
3798 1.54262641e-04
3799 1.70816318e-04
3800 1.85543453e-04
3801 1.87558020e-04
3802 1.74878383e-04
3803 1.53839428e-04
3804 1.24908343e-04
3805 9.95483351e-05
3806 8.14742380e-05
3807 7.24706551e-05
3808 7.88544567e-05
3809 8.79014187e-05
3810 1.00132907e-04
3811 1.16100302e-04
3812 1.29760956e-04
3813 1.29948981e-04
3814 1.25126142e-04
3815 1.18359581e-04
3816 1.08243607e-04
3817 9.78259486e-05
3818 8.46979674e-05
3819 8.26538162e-05
3820 7.32703484e-05
3821 7.69872422e-05
3822 7.48716557e-05
3823 7.22630502e-05
3824 7.53166969e-05
3825 7.40014948e-05
3826 7.33941633e-05
3827 7.63345524e-05
3828 7.94369989e-05
3829 8.26633841e-05
3830 8.59641877e-05
3831 8.06071112e-05
3832 8.51360965e-05
3833 8.04433075e-05
3834 8.11966311e-05
3835 7.73619249e-05
3836 7.16443174e-05
3837 6.84539627e-05
3838 6.91433524e-05
3839 7.01114477e-05
3840 7.32342014e-05
3841 7.20603639e-05
3842 7.32232438e-05
3843 7.75937151e-05
3844 7.58674068e-05
3845 7.82416828e-05
3846 8.09464909e-05
3847 8.51861623e-05
3848 8.32169244e-05
3849 9.11108073e-05
3850 9.20400853e-05
3851 9.96169401e-05
3852 1.06387255e-04
3853 1.05717510e-04
3854 1.10978697e-04
3855 1.13633039e-04
3856 1.18467891e-04
3857 1.31156179e-04
3858 1.42587291e-04
3859 1.48899606e-04
3860 1.55427319e-04
3861 1.73921610e-04
3862 1.92542648e-04
3863 2.15993714e-04
3864 2.48541008e-04
3865 2.67298019e-04
3866 2.80064531e-04
3867 2.86269526e-04
3868 2.80691398e-04
3869 2.64046947e-04
3870 2.38042005e-04
3871 1.99823175e-04
3872 1.59078118e-04
3873 1.13977978e-04
3874 8.54726241e-05
3875 6.85806663e-05
3876 7.06676365e-05
3877 8.24628441e-05
3878 9.26333742e-05
3879 9.85736333e-05
3880 1.12426322e-04
3881 1.22162804e-04
3882 1.26658430e-04
3883 1.37467461e-04
3884 1.30882370e-04
3885 1.25489692e-04
3886 1.18873591e-04
3887 1.02384045e-04
3888 9.29758316e-05
3889 7.92415885e-05
3890 7.39247625e-05
3891 7.08062289e-05
3892 6.98471922e-05
3893 7.23624980e-05
3894 6.72350070e-05
3895 7.15216011e-05
3896 7.37204100e-05
3897 7.47898957e-05
3898 7.08704756e-05
3899 7.40381583e-05
3900 7.97978792e-05
3901 8.61969675e-05
3902 9.09797527e-05
3903 1.04478910e-04
3904 1.17039657e-04
3905 1.34478891e-04
3906 1.54623543e-04
3907 1.78481714e-04
3908 2.07524732e-04
3909 2.38837092e-04
3910 2.57099600e-04
3911 2.77057115e-04
3912 2.73054000e-04
3913 2.64348899e-04
3914 2.55875144e-04
3915 2.37128828e-04
3916 1.97555724e-04
3917 1.67943494e-04
3918 1.24050566e-04
3919 1.00356621e-04
3920 8.76736958e-05
3921 7.09098967e-05
3922 6.89530279e-05
3923 7.55009532e-05
3924 7.99256668e-05
3925 8.47886840e-05
3926 8.66050905e-05
3927 8.90744850e-05
3928 8.00339913e-05
3929 8.10855563e-05
3930 7.43081182e-05
3931 6.91182140e-05
3932 7.54610228e-05
3933 6.53863390e-05
3934 7.19122036e-05
3935 7.17309886e-05
3936 7.39245079e-05
3937 7.53419372e-05
3938 7.33075212e-05
3939 7.24752390e-05
3940 7.16987270e-05
3941 7.05535276e-05
3942 7.22827099e-05
3943 7.46558289e-05
3944 7.24067140e-05
3945 7.06706924e-05
3946 6.93279580e-05
3947 6.94921255e-05
3948 6.63516621e-05
3949 7.27158331e-05
3950 7.06647916e-05
3951 7.44945719e-05
3952 6.63018436e-05
3953 7.05429993e-05
3954 6.59226134e-05
3955 7.56599620e-05
3956 6.61124286e-05
3957 7.13451300e-05
3958 7.22819022e-05
3959 7.40085597e-05
3960 7.90600752e-05
3961 8.60151995e-05
3962 8.91869349e-05
3963 9.06902424e-05
3964 9.90405824e-05
3965 1.16538875e-04
3966 1.36775983e-04
3967 1.57926130e-04
3968 1.92151230e-04
3969 2.27540178e-04
3970 2.62065238e-04
3971 3.02401808e-04
3972 3.39822785e-04
3973 3.78939294e-04
3974 4.11323650e-04
3975 4.46799269e-04
3976 4.47069149e-04
3977 4.19161282e-04
3978 3.72330222e-04
3979 2.95749545e-04
3980 2.23569499e-04
3981 1.46580700e-04
3982 9.34976415e-05
3983 7.16247159e-05
3984 7.76294110e-05
3985 1.05937790e-04
3986 1.31155713e-04
3987 1.65554578e-04
3988 1.76431407e-04
3989 1.74228175e-04
3990 1.61758013e-04
3991 1.37213792e-04
3992 1.14260656e-04
3993 9.18351798e-05
3994 6.88200817e-05
3995 7.12312685e-05
3996 6.87611609e-05
3997 7.70292390e-05
3998 8.33905215e-05
3999 9.10185845e-05
4000 9.62791091e-05
4001 1.03024387e-04
4002 1.03907922e-04
4003 9.77307645e-05
4004 8.69838841e-05
4005 7.76794041e-05
4006 6.98674849e-05
4007 6.90324450e-05
4008 7.05518250e-05
4009 6.79959267e-05
4010 7.38944946e-05
4011 7.05692000e-05
4012 6.84311526e-05
4013 7.03601254e-05
4014 7.01722092e-05
4015 6.99112788e-05
4016 6.52528615e-05
4017 6.95870112e-05
4018 7.05229177e-05
4019 7.65961158e-05
4020 7.65432633e-05
4021 8.21793801e-05
4022 9.03778418e-05
4023 1.01032929e-04
4024 1.15412011e-04
4025 1.25536346e-04
4026 1.46478051e-04
4027 1.53633766e-04
4028 1.69048799e-04
4029 1.62322118e-04
4030 1.55205227e-04
4031 1.42764533e-04
4032 1.22008481e-04
4033 1.03349943e-04
4034 8.80682637e-05
4035 8.07238830e-05
4036 7.28565356e-05
4037 6.68233479e-05
4038 6.62201710e-05
4039 7.07212239e-05
4040 6.71849339e-05
4041 6.99415104e-05
4042 6.69169094e-05
4043 7.08267180e-05
4044 7.30992397e-05
4045 7.22670666e-05
4046 6.96258139e-05
4047 6.89250082e-05
4048 7.01795434e-05
4049 6.88251748e-05
4050 6.71300950e-05
4051 6.83866456e-05
4052 7.12379697e-05
4053 7.05633865e-05
4054 6.79127916e-05
4055 6.86978165e-05
4056 7.58274909e-05
4057 7.79029506e-05
4058 7.89737896e-05
4059 8.65475085e-05
4060 9.09186274e-05
4061 9.66664520e-05
4062 1.04182916e-04
4063 1.07277716e-04
4064 1.13292102e-04
4065 1.20781253e-04
4066 1.15518924e-04
4067 1.18871874e-04
4068 1.23958918e-04
4069 1.29001390e-04
4070 1.41647586e-04
4071 1.62769822e-04
4072 1.92423278e-04
4073 2.28027246e-04
4074 2.57586566e-04
4075 2.89542426e-04
4076 3.27266345e-04
4077 3.59835016e-04
4078 3.85600462e-04
4079 3.95553128e-04
4080 3.75413947e-04
4081 3.25295434e-04
4082 2.64850300e-04
4083 2.04841577e-04
4084 1.51042899e-04
4085 1.08880544e-04
4086 8.58772546e-05
4087 6.39237333e-05
4088 6.89255539e-05
4089 8.70946678e-05
4090 1.09976689e-04
4091 1.37085226e-04
4092 1.59211500e-04
4093 1.76271715e-04
4094 1.75403955e-04
4095 1.61835444e-04
4096 1.47574130e-04
4097 1.16480995e-04
4098 9.21760293e-05
4099 7.63664284e-05
4100 6.63297251e-05
4101 6.95234557e-05
4102 7.48879029e-05
4103 8.69554278e-05
4104 1.03834886e-04
4105 1.17963682e-04
4106 1.27642284e-04
4107 1.29240856e-04
4108 1.20280871e-04
4109 1.07763110e-04
4110 9.53502604e-05
4111 8.71901793e-05
4112 7.65572331e-05
4113 7.69887265e-05
4114 6.69802466e-05
4115 6.88767104e-05
4116 6.64563995e-05
4117 7.31318505e-05
4118 7.36237635e-05
4119 7.34662026e-05
4120 7.85262673e-05
4121 8.04321098e-05
4122 8.61414010e-05
4123 8.52381054e-05
4124 8.54637765e-05
4125 9.32129769e-05
4126 9.28123409e-05
4127 8.58345011e-05
4128 8.19455672e-05
4129 7.73815773e-05
4130 6.97988435e-05
4131 6.63678511e-05
4132 6.26557376e-05
4133 6.33763048e-05
4134 6.19756320e-05
4135 6.65468906e-05
4136 6.68771609e-05
4137 6.90702582e-05
4138 6.93896654e-05
4139 6.91291207e-05
4140 7.07869258e-05
4141 6.64737236e-05
4142 6.38092242e-05
4143 6.62637249e-05
4144 6.67443601e-05
4145 6.83088729e-05
4146 7.07559011e-05
4147 6.74260518e-05
4148 6.87784341e-05
4149 7.08422158e-05
4150 7.00059827e-05
4151 7.45799480e-05
4152 7.35305002e-05
4153 7.05839775e-05
4154 7.10617460e-05
4155 6.96374045e-05
4156 7.36921793e-05
4157 7.80893970e-05
4158 7.97252505e-05
4159 8.48389755e-05
4160 8.34841921e-05
4161 9.79355827e-05
4162 1.08724649e-04
4163 1.23172314e-04
4164 1.50225824e-04
4165 1.88135440e-04
4166 2.50134093e-04
4167 3.33641423e-04
4168 4.44736099e-04
4169 5.85282978e-04
4170 7.10805354e-04
4171 8.27540876e-04
4172 8.94731376e-04
4173 8.30983161e-04
4174 6.70789159e-04
4175 4.46643797e-04
4176 2.33965984e-04
4177 9.20568709e-05
4178 6.91198657e-05
4179 1.52180830e-04
4180 2.66134419e-04
4181 3.37511126e-04
4182 3.23573098e-04
4183 2.38754888e-04
4184 1.32569854e-04
4185 7.32900808e-05
4186 7.38474992e-05
4187 1.18807111e-04
4188 1.68313185e-04
4189 1.87712445e-04
4190 1.64965502e-04
4191 1.24684913e-04
4192 8.25160168e-05
4193 6.70062363e-05
4194 7.93921427e-05
4195 1.13107097e-04
4196 1.33792521e-04
4197 1.28111162e-04
4198 1.13827009e-04
4199 8.93869510e-05
4200 6.71529415e-05
4201 6.67710192e-05
4202 7.33172928e-05
4203 8.96389902e-05
4204 9.24076667e-05
4205 9.32716939e-05
4206 8.35031751e-05
4207 7.23411285e-05
4208 6.67043350e-05
4209 6.97793148e-05
4210 6.92996327e-05
4211 7.47532831e-05
4212 7.61261035e-05
4213 7.64588985e-05
4214 7.33529523e-05
4215 6.69365036e-05
4216 6.72780734e-05
4217 6.89804729e-05
4218 6.84943298e-05
4219 6.98381773e-05
4220 7.66979574e-05
4221 7.69972830e-05
4222 7.31222972e-05
4223 7.22876212e-05
4224 6.86527128e-05
4225 6.42175146e-05
4226 6.80585435e-05
4227 6.26053807e-05
4228 6.87816573e-05
4229 7.19610252e-05
4230 6.89141816e-05
4231 7.42884004e-05
4232 6.92809990e-05
4233 6.53075404e-05
4234 6.72525275e-05
4235 6.22198932e-05
4236 6.53169409e-05
4237 7.63306962e-05
4238 6.70306035e-05
4239 6.96062125e-05
4240 6.99081356e-05
4241 6.87698775e-05
4242 7.14805865e-05
4243 6.48362256e-05
4244 7.10716122e-05
4245 6.69979272e-05
4246 6.63028695e-05
4247 6.47962079e-05
4248 6.57673299e-05
4249 6.77979406e-05
4250 6.36297627e-05
4251 6.39962745e-05
4252 6.27683767e-05
4253 6.42022933e-05
4254 7.00280871e-05
4255 6.64378022e-05
4256 6.68938446e-05
4257 6.76659838e-05
4258 7.05905913e-05
4259 6.79251389e-05
4260 7.39290626e-05
4261 7.44057324e-05
4262 7.44125064e-05
4263 7.56439476e-05
4264 7.89233891e-05
4265 7.56504305e-05
4266 7.16763170e-05
4267 7.14982743e-05
4268 6.93169495e-05
4269 6.89554217e-05
4270 6.49044014e-05
4271 6.47044726e-05
4272 6.42761297e-05
4273 6.56667617e-05
4274 6.41529405e-05
4275 6.59476718e-05
4276 6.54596370e-05
4277 6.39052814e-05
4278 6.24526074e-05
4279 6.69424480e-05
4280 6.48490168e-05
4281 6.62014136e-05
4282 6.91227615e-05
4283 5.95046477e-05
4284 6.44751199e-05
4285 6.73196046e-05
4286 5.95423626e-05
4287 6.75800184e-05
4288 6.36581753e-05
4289 6.71164744e-05
4290 7.40758915e-05
4291 6.83546969e-05
4292 7.48978200e-05
4293 8.24475574e-05
4294 8.39428467e-05
4295 1.03988794e-04
4296 1.11368587e-04
4297 1.24172264e-04
4298 1.40988181e-04
4299 1.58641109e-04
4300 1.85415105e-04
4301 2.07987963e-04
4302 2.35135230e-04
4303 2.61860900e-04
4304 2.77831627e-04
4305 2.88201991e-04
4306 3.11696815e-04
4307 3.27663729e-04
4308 3.40103987e-04
4309 3.45138717e-04
4310 3.35753139e-04
4311 3.00919084e-04
4312 2.50324811e-04
4313 1.85109704e-04
4314 1.26401559e-04
4315 8.80992011e-05
4316 7.20132884e-05
4317 6.30543364e-05
4318 6.61197773e-05
4319 8.12043509e-05
4320 9.13077092e-05
4321 9.82953206e-05
4322 1.07473985e-04
4323 1.08983797e-04
4324 1.04515675e-04
4325 1.03632316e-04
4326 9.39241800e-05
4327 8.52178127e-05
4328 7.42180200e-05
4329 6.85024570e-05
4330 6.18640479e-05
4331 6.55890835e-05
4332 6.67385757e-05
4333 7.58042006e-05
4334 7.65452423e-05
4335 8.08873519e-05
4336 8.69648356e-05
4337 8.95900084e-05
4338 8.01073911e-05
4339 7.65332734e-05
4340 6.80111116e-05
4341 6.56606790e-05
4342 6.45074324e-05
4343 6.53519019e-05
4344 6.26768742e-05
4345 6.30901995e-05
4346 6.36094628e-05
4347 6.90466186e-05
4348 7.31443361e-05
4349 7.67609745e-05
4350 8.18591434e-05
4351 7.98030087e-05
4352 8.71128359e-05
4353 8.67813433e-05
4354 8.38762426e-05
4355 8.62129527e-05
4356 9.34533964e-05
4357 8.95704725e-05
4358 9.04542758e-05
4359 9.63937564e-05
4360 9.34433338e-05
4361 9.77739328e-05
4362 1.01599377e-04
4363 9.51116890e-05
4364 9.50598987e-05
4365 9.54698262e-05
4366 9.36077849e-05
4367 9.39287274e-05
4368 9.75760413e-05
4369 9.59824465e-05
4370 8.85750778e-05
4371 8.37116677e-05
4372 8.24941526e-05
4373 7.76821034e-05
4374 7.85463999e-05
4375 7.30439569e-05
4376 7.14373673e-05
4377 7.18088559e-05
4378 6.48965943e-05
4379 6.55697004e-05
4380 6.73090326e-05
4381 6.79150689e-05
4382 6.58860445e-05
4383 6.61457743e-05
4384 6.53516399e-05
4385 6.68220746e-05
4386 6.51673763e-05
4387 6.70043009e-05
4388 6.34305179e-05
4389 5.97710387e-05
4390 6.26998954e-05
4391 6.19023704e-05
4392 6.40246071e-05
4393 6.12688746e-05
4394 6.17608166e-05
4395 6.04042507e-05
4396 6.10431525e-05
4397 6.24375316e-05
4398 6.80428711e-05
4399 6.65842599e-05
4400 6.94348855e-05
4401 6.41597653e-05
4402 7.22578188e-05
4403 7.19550662e-05
4404 8.04329029e-05
4405 8.77226048e-05
4406 1.00953446e-04
4407 1.22615165e-04
4408 1.52974826e-04
4409 2.09211255e-04
4410 2.82197143e-04
4411 3.77643446e-04
4412 5.00163704e-04
4413 6.73326373e-04
4414 8.74281861e-04
4415 1.11237355e-03
4416 1.27029757e-03
4417 1.28061243e-03
4418 1.04212959e-03
4419 6.18369668e-04
4420 2.23244497e-04
4421 6.63263054e-05
4422 1.58298164e-04
4423 3.75877193e-04
4424 5.29921090e-04
4425 5.11598308e-04
4426 3.36543715e-04
4427 1.35561204e-04
4428 6.27974368e-05
4429 1.32317989e-04
4430 2.52289174e-04
4431 3.01981461e-04
4432 2.37718399e-04
4433 1.28258675e-04
4434 6.94784685e-05
4435 8.12165090e-05
4436 1.35839640e-04
4437 1.75895460e-04
4438 1.57162984e-04
4439 1.07889020e-04
4440 6.86728963e-05
4441 7.09751621e-05
4442 1.03476450e-04
4443 1.33296053e-04
4444 1.34161426e-04
4445 1.01785598e-04
4446 7.76301458e-05
4447 6.10441784e-05
4448 7.46818114e-05
4449 9.30050737e-05
4450 9.98413234e-05
4451 9.08648799e-05
4452 7.46614242e-05
4453 6.14311139e-05
4454 6.32339579e-05
4455 7.42289049e-05
4456 8.00209891e-05
4457 7.98577603e-05
4458 7.64541910e-05
4459 6.08467708e-05
4460 6.29651913e-05
4461 6.92739850e-05
4462 7.68781756e-05
4463 7.97663743e-05
4464 7.53347267e-05
4465 6.89471053e-05
4466 6.14476448e-05
4467 5.97265062e-05
4468 6.27865957e-05
4469 6.62481689e-05
4470 6.98020594e-05
4471 6.40892686e-05
4472 5.84808804e-05
4473 6.10976349e-05
4474 6.43517487e-05
4475 6.84923289e-05
4476 6.50823931e-05
4477 6.51248192e-05
4478 6.38944985e-05
4479 6.25553585e-05
4480 6.85551713e-05
4481 6.54443429e-05
4482 6.83722028e-05
4483 6.75682531e-05
4484 6.29263232e-05
4485 6.25661487e-05
4486 6.46753397e-05
4487 6.58584977e-05
4488 7.01160388e-05
4489 6.68817520e-05
4490 6.95515555e-05
4491 6.26394176e-05
4492 6.43951935e-05
4493 6.50751535e-05
4494 6.32645024e-05
4495 6.28274283e-05
4496 6.30647337e-05
4497 6.61636586e-05
4498 6.34276512e-05
4499 5.96187310e-05
4500 6.13968514e-05
4501 6.13398661e-05
4502 6.06360627e-05
4503 5.78246145e-05
4504 6.18728445e-05
4505 5.85869202e-05
4506 6.23219676e-05
4507 5.87977593e-05
4508 5.79533735e-05
4509 5.80018968e-05
4510 5.81616514e-05
4511 5.93523109e-05
4512 6.04644920e-05
4513 6.00022104e-05
4514 6.32258743e-05
4515 6.44719039e-05
4516 6.34414901e-05
4517 6.19695420e-05
4518 6.29760543e-05
4519 6.09663002e-05
4520 6.46358967e-05
4521 6.01090942e-05
4522 5.73211983e-05
4523 5.87211252e-05
4524 6.19311904e-05
4525 6.23731612e-05
4526 6.11502837e-05
4527 6.49658905e-05
4528 6.31794610e-05
4529 5.83900073e-05
4530 6.46566405e-05
4531 6.16918114e-05
4532 6.05903115e-05
4533 5.99910636e-05
4534 6.19592174e-05
4535 6.51581431e-05
4536 6.11320065e-05
4537 6.28616326e-05
4538 6.03932931e-05
4539 5.82826178e-05
4540 6.48259520e-05
4541 6.00898347e-05
4542 6.08007758e-05
4543 6.11969299e-05
4544 6.45527107e-05
4545 5.99215709e-05
4546 6.28534326e-05
4547 6.34169410e-05
4548 6.36994228e-05
4549 6.11612777e-05
4550 6.13072552e-05
4551 6.18393242e-05
4552 5.80407541e-05
4553 5.99595369e-05
4554 6.32640367e-05
4555 6.19944622e-05
4556 6.42400119e-05
4557 6.59127763e-05
4558 6.48004134e-05
4559 6.28870985e-05
4560 6.28795533e-05
4561 6.49658978e-05
4562 6.35134784e-05
4563 6.30143550e-05
4564 6.37004632e-05
4565 6.80135854e-05
4566 6.81194797e-05
4567 6.64752952e-05
4568 6.68635912e-05
4569 6.26990659e-05
4570 5.94793964e-05
4571 6.22966254e-05
4572 5.92571814e-05
4573 6.50145084e-05
4574 6.72696697e-05
4575 7.24557030e-05
4576 8.02429640e-05
4577 8.55819235e-05
4578 1.02427373e-04
4579 1.13719856e-04
4580 1.27874780e-04
4581 1.34522197e-04
4582 1.37357609e-04
4583 1.41801793e-04
4584 1.42127959e-04
4585 1.42215227e-04
4586 1.40625474e-04
4587 1.36038609e-04
4588 1.28327025e-04
4589 1.26286424e-04
4590 1.20259749e-04
4591 1.14528346e-04
4592 1.10492190e-04
4593 1.16108480e-04
4594 1.11800007e-04
4595 1.05739717e-04
4596 1.07474698e-04
4597 9.46349828e-05
4598 9.50337417e-05
4599 9.59270037e-05
4600 9.33512711e-05
4601 9.45831634e-05
4602 9.75662624e-05
4603 9.97711686e-05
4604 1.06332176e-04
4605 1.07029649e-04
4606 1.09837914e-04
4607 1.13060916e-04
4608 1.14042065e-04
4609 1.16202325e-04
4610 1.20704906e-04
4611 1.26923725e-04
4612 1.30902714e-04
4613 1.35803697e-04
4614 1.50814230e-04
4615 1.68940576e-04
4616 1.88126141e-04
4617 2.01232702e-04
4618 2.09014717e-04
4619 2.14787127e-04
4620 2.28002405e-04
4621 2.42422801e-04
4622 2.56966159e-04
4623 2.67783704e-04
4624 2.64395552e-04
4625 2.35375919e-04
4626 1.98670692e-04
4627 1.67305785e-04
4628 1.30341607e-04
4629 9.33191623e-05
4630 7.78785470e-05
4631 6.29254355e-05
4632 6.19536295e-05
4633 7.02838661e-05
4634 7.78335743e-05
4635 8.79712679e-05
4636 9.55468931e-05
4637 9.56217555e-05
4638 9.59808967e-05
4639 9.15332421e-05
4640 8.02548384e-05
4641 6.87940774e-05
4642 6.41666848e-05
4643 5.90413147e-05
4644 5.85214839e-05
4645 6.46809276e-05
4646 6.84259576e-05
4647 7.35811118e-05
4648 8.06896714e-05
4649 8.96994825e-05
4650 9.46869186e-05
4651 9.28340232e-05
4652 8.94112018e-05
4653 9.08828297e-05
4654 9.23278421e-05
4655 8.67508643e-05
4656 8.49932985e-05
4657 8.22202273e-05
4658 7.80153860e-05
4659 7.38413801e-05
4660 7.75875742e-05
4661 6.98689182e-05
4662 6.75167030e-05
4663 6.40075014e-05
4664 6.00025087e-05
4665 5.92830984e-05
4666 5.93455989e-05
4667 5.75418380e-05
4668 5.92284632e-05
4669 6.08806295e-05
4670 6.30006543e-05
4671 6.20990249e-05
4672 6.06165377e-05
4673 5.85793787e-05
4674 5.89365191e-05
4675 5.89995470e-05
4676 6.10894349e-05
4677 6.43356034e-05
4678 6.58252829e-05
4679 6.99620578e-05
4680 7.50298059e-05
4681 8.18974440e-05
4682 8.85127374e-05
4683 9.22167164e-05
4684 1.09298962e-04
4685 1.23166858e-04
4686 1.33249981e-04
4687 1.59192714e-04
4688 1.83364682e-04
4689 2.20190923e-04
4690 2.59936001e-04
4691 3.00445594e-04
4692 3.36465135e-04
4693 3.59879574e-04
4694 3.75264499e-04
4695 3.81344289e-04
4696 3.71332077e-04
4697 3.44541622e-04
4698 2.95991602e-04
4699 2.38724868e-04
4700 1.82068339e-04
4701 1.22042642e-04
4702 8.11843129e-05
4703 6.07116053e-05
4704 5.90134332e-05
4705 6.90307061e-05
4706 9.11990646e-05
4707 1.25418825e-04
4708 1.42433593e-04
4709 1.56958675e-04
4710 1.56824972e-04
4711 1.48414401e-04
4712 1.41386598e-04
4713 1.21946461e-04
4714 9.43807536e-05
4715 7.34495843e-05
4716 6.29233400e-05
4717 5.64656548e-05
4718 6.19467901e-05
4719 6.56682460e-05
4720 7.03052356e-05
4721 7.69839025e-05
4722 8.01175629e-05
4723 7.92405699e-05
4724 7.55589354e-05
4725 6.83987746e-05
4726 6.18513513e-05
4727 5.71887649e-05
4728 6.04994129e-05
4729 5.94710764e-05
4730 6.64424806e-05
4731 7.10073000e-05
4732 7.33526686e-05
4733 7.68349419e-05
4734 7.74668006e-05
4735 7.30748870e-05
4736 7.50302061e-05
4737 6.87633074e-05
4738 6.84365368e-05
4739 6.72628157e-05
4740 6.82247628e-05
4741 6.53098105e-05
4742 6.16447287e-05
4743 6.36548139e-05
4744 5.85245107e-05
4745 6.05384048e-05
4746 5.75683480e-05
4747 6.40763683e-05
4748 6.41419319e-05
4749 7.16589639e-05
4750 7.49850951e-05
4751 8.35142491e-05
4752 8.30869831e-05
4753 9.61353653e-05
4754 1.05965963e-04
4755 1.17693147e-04
4756 1.27317282e-04
4757 1.41754848e-04
4758 1.47779647e-04
4759 1.49869375e-04
4760 1.56748923e-04
4761 1.64101439e-04
4762 1.71412277e-04
4763 1.76718066e-04
4764 1.74331144e-04
4765 1.69946725e-04
4766 1.70973421e-04
4767 1.68894941e-04
4768 1.58270937e-04
4769 1.49957792e-04
4770 1.40622258e-04
4771 1.30245404e-04
4772 1.15698465e-04
4773 1.01111800e-04
4774 8.62798188e-05
4775 7.07824438e-05
4776 6.73294417e-05
4777 5.95430902e-05
4778 5.71862583e-05
4779 6.35088581e-05
4780 6.58326971e-05
4781 7.35196518e-05
4782 7.59794493e-05
4783 8.35403698e-05
4784 8.33694940e-05
4785 8.45566465e-05
4786 7.95801461e-05
4787 8.25197421e-05
4788 8.00782072e-05
4789 8.08456389e-05
4790 8.26788382e-05
4791 7.96912282e-05
4792 8.59478532e-05
4793 8.85062618e-05
4794 8.84431356e-05
4795 8.78790161e-05
4796 8.69973883e-05
4797 8.94554323e-05
4798 8.59696593e-05
4799 8.73878016e-05
4800 9.11181196e-05
4801 9.32383264e-05
4802 9.97870957e-05
4803 1.06151623e-04
4804 1.08027583e-04
4805 1.14687973e-04
4806 1.20406090e-04
4807 1.25539227e-04
4808 1.36186005e-04
4809 1.43845056e-04
4810 1.44973208e-04
4811 1.41497148e-04
4812 1.38865493e-04
4813 1.33278474e-04
4814 1.31931010e-04
4815 1.26728220e-04
4816 1.23766251e-04
4817 1.20727535e-04
4818 1.16980729e-04
4819 1.15378243e-04
4820 1.18445430e-04
4821 1.23571313e-04
4822 1.22495199e-04
4823 1.25815510e-04
4824 1.22596495e-04
4825 1.19330820e-04
4826 1.15421717e-04
4827 1.09649038e-04
4828 1.07940119e-04
4829 1.06742176e-04
4830 9.91783018e-05
4831 1.00101708e-04
4832 1.04099454e-04
4833 1.07134169e-04
4834 1.09680186e-04
4835 1.11031230e-04
4836 1.17307201e-04
4837 1.18169468e-04
4838 1.21763340e-04
4839 1.21721350e-04
4840 1.19415825e-04
4841 1.21238823e-04
4842 1.23961305e-04
4843 1.23414167e-04
4844 1.33774141e-04
4845 1.36073708e-04
4846 1.45168233e-04
4847 1.65398102e-04
4848 1.72080399e-04
4849 1.76523579e-04
4850 1.89550570e-04
4851 1.95407978e-04
4852 2.10049737e-04
4853 2.26841541e-04
4854 2.36667707e-04
4855 2.47471326e-04
4856 2.42405134e-04
4857 2.32900609e-04
4858 2.20962698e-04
4859 1.87871381e-04
4860 1.52222477e-04
4861 1.20556928e-04
4862 8.72804158e-05
4863 6.72211245e-05
4864 6.02230793e-05
4865 6.28246053e-05
4866 8.00081179e-05
4867 9.00974846e-05
4868 1.07871740e-04
4869 1.16800904e-04
4870 1.17849391e-04
4871 1.13638118e-04
4872 1.08235487e-04
4873 9.35731368e-05
4874 8.18176413e-05
4875 6.42900413e-05
4876 5.32052072e-05
4877 6.11330834e-05
4878 6.89183871e-05
4879 7.78447356e-05
4880 1.00616482e-04
4881 1.13012058e-04
4882 1.25982115e-04
4883 1.36342584e-04
4884 1.32369736e-04
4885 1.27794367e-04
4886 1.19623859e-04
4887 1.01607933e-04
4888 9.12059113e-05
4889 8.39906861e-05
4890 6.81724414e-05
4891 5.76918173e-05
4892 5.57145795e-05
4893 5.62799214e-05
4894 5.95476085e-05
4895 6.59138095e-05
4896 7.48657330e-05
4897 8.41229703e-05
4898 9.58527016e-05
4899 1.06659034e-04
4900 1.12665744e-04
4901 1.10087611e-04
4902 1.08839165e-04
4903 1.05854066e-04
4904 9.44533967e-05
4905 8.55422695e-05
4906 7.57323141e-05
4907 7.21042452e-05
4908 6.62793827e-05
4909 5.85589005e-05
4910 5.73116486e-05
4911 5.73089201e-05
4912 5.83744149e-05
4913 5.50764271e-05
4914 5.70235752e-05
4915 5.75079757e-05
4916 6.08073060e-05
4917 6.69062938e-05
4918 7.04266422e-05
4919 7.75594744e-05
4920 8.46281473e-05
4921 9.41663820e-05
4922 9.99215117e-05
4923 1.00476762e-04
4924 1.11447443e-04
4925 1.23825928e-04
4926 1.38063289e-04
4927 1.55643094e-04
4928 1.63117351e-04
4929 1.72775413e-04
4930 1.75729685e-04
4931 1.78942675e-04
4932 1.81174284e-04
4933 1.82159856e-04
4934 1.93619300e-04
4935 2.00949216e-04
4936 2.08559621e-04
4937 2.09334539e-04
4938 2.04310141e-04
4939 1.89288970e-04
4940 1.73833410e-04
4941 1.57796167e-04
4942 1.46561273e-04
4943 1.17426011e-04
4944 1.04966719e-04
4945 8.12053404e-05
4946 5.98433253e-05
4947 6.21619547e-05
4948 6.13844022e-05
4949 6.23990345e-05
4950 7.05504281e-05
4951 8.03222792e-05
4952 8.66472692e-05
4953 9.13700933e-05
4954 9.90751796e-05
4955 1.06035724e-04
4956 1.07474494e-04
4957 1.02055943e-04
4958 9.96856397e-05
4959 9.24958367e-05
4960 8.87234492e-05
4961 7.89750993e-05
4962 6.79330115e-05
4963 6.15884273e-05
4964 5.98384468e-05
4965 5.72827266e-05
4966 5.33555904e-05
4967 6.15893296e-05
4968 6.97378127e-05
4969 7.51838888e-05
4970 7.93209256e-05
4971 8.32561345e-05
4972 8.65859620e-05
4973 8.65269831e-05
4974 9.01437525e-05
4975 9.98434407e-05
4976 1.07370703e-04
4977 1.12928952e-04
4978 1.24386221e-04
4979 1.33711146e-04
4980 1.31261491e-04
4981 1.30374232e-04
4982 1.34498390e-04
4983 1.42299308e-04
4984 1.53949601e-04
4985 1.67447317e-04
4986 1.84622491e-04
4987 1.97047295e-04
4988 1.95426837e-04
4989 1.92345411e-04
4990 1.76910893e-04
4991 1.58368028e-04
4992 1.37143637e-04
4993 1.14833463e-04
4994 1.02368715e-04
4995 9.14839766e-05
4996 8.24658637e-05
4997 7.55537549e-05
4998 6.62069797e-05
4999 5.52610436e-05
5000 5.79160878e-05
