Method: ResidualAttentionPINN
FieldName: uy
Device: cuda
GPU: NVIDIA GeForce RTX 5090 Laptop GPU
ParameterCount: 38177
Epochs: 5000
LearningRate: 0.0003
InteriorPoints: 1000
BoundaryPoints: 1000
GridEval: 100
ModelWidth: 64
NumBlocks: 4
AttentionHidden: 8
ResidualScale: 0.12
AttentionTemperature: 0.55
GateBiasInit: -1.8
DropoutP: 0.18
TotalTrainingSeconds: 1186.230155
EvalSeconds: 0.691790
MeanEpochSeconds: 0.237243
StdEpochSeconds: 0.016344
PeakGPUMemoryBytes: 381540864
EpochDurationsSeconds:
1 5.35444200e-01
2 3.08965200e-01
3 2.71963300e-01
4 2.67852200e-01
5 2.68745600e-01
6 2.66891000e-01
7 2.72821400e-01
8 2.85059400e-01
9 2.71943700e-01
10 2.58621800e-01
11 2.71363000e-01
12 2.68597100e-01
13 2.70305100e-01
14 2.77915300e-01
15 2.63977300e-01
16 2.62201900e-01
17 2.56140400e-01
18 2.61587700e-01
19 2.63133000e-01
20 2.58275500e-01
21 2.68920600e-01
22 2.63099100e-01
23 2.64524100e-01
24 2.65035600e-01
25 2.64290900e-01
26 2.63897500e-01
27 2.50747300e-01
28 2.65704400e-01
29 2.63975800e-01
30 2.66473000e-01
31 2.70699800e-01
32 2.62756400e-01
33 2.57745300e-01
34 2.91394300e-01
35 2.68606800e-01
36 2.62999800e-01
37 2.88507700e-01
38 2.74668200e-01
39 2.68524500e-01
40 2.50891700e-01
41 2.78316300e-01
42 2.64525300e-01
43 2.49210600e-01
44 2.44873200e-01
45 2.41405700e-01
46 2.43046700e-01
47 2.40049600e-01
48 2.79660600e-01
49 2.38180600e-01
50 2.47039000e-01
51 2.46438100e-01
52 2.40115000e-01
53 2.38777100e-01
54 2.32084900e-01
55 2.38795800e-01
56 2.40595500e-01
57 2.47894400e-01
58 2.41520800e-01
59 2.44843400e-01
60 2.38816600e-01
61 2.45713800e-01
62 2.38296700e-01
63 2.41305300e-01
64 2.41633400e-01
65 2.47041500e-01
66 2.40685100e-01
67 2.92788200e-01
68 2.45926000e-01
69 2.40735200e-01
70 2.39799600e-01
71 2.38517400e-01
72 2.44400200e-01
73 2.37701700e-01
74 2.35524700e-01
75 2.43041000e-01
76 2.40640800e-01
77 2.41754900e-01
78 2.39135800e-01
79 2.40816500e-01
80 2.44580400e-01
81 2.41630200e-01
82 2.38787100e-01
83 2.71254000e-01
84 2.66023400e-01
85 2.46048100e-01
86 2.43977500e-01
87 2.40682900e-01
88 2.38818600e-01
89 2.45656500e-01
90 2.45676400e-01
91 2.41780000e-01
92 2.40889300e-01
93 2.42865700e-01
94 2.37813500e-01
95 2.39819500e-01
96 2.41940900e-01
97 2.41212900e-01
98 2.40938500e-01
99 2.41475000e-01
100 2.38024900e-01
101 2.41521500e-01
102 2.44748500e-01
103 2.35722700e-01
104 2.27841300e-01
105 2.38115700e-01
106 2.40584000e-01
107 2.40381000e-01
108 2.40891900e-01
109 2.34186500e-01
110 2.43945000e-01
111 2.38397500e-01
112 2.42670200e-01
113 2.31221600e-01
114 2.41974500e-01
115 2.42884700e-01
116 2.42415300e-01
117 2.39226800e-01
118 2.20118000e-01
119 2.13391700e-01
120 2.28838600e-01
121 2.36013200e-01
122 2.40236500e-01
123 2.40366600e-01
124 2.41474300e-01
125 2.38465200e-01
126 2.60236300e-01
127 2.44935900e-01
128 2.50289500e-01
129 2.46020900e-01
130 2.69137700e-01
131 2.62890600e-01
132 2.72440600e-01
133 2.61587800e-01
134 2.68607700e-01
135 2.68231300e-01
136 2.44832000e-01
137 2.42542500e-01
138 2.58907500e-01
139 2.47285600e-01
140 2.70644800e-01
141 2.67065100e-01
142 2.66860500e-01
143 2.49254200e-01
144 2.57562000e-01
145 2.62274400e-01
146 2.63465000e-01
147 2.60649700e-01
148 2.67492100e-01
149 2.53941900e-01
150 2.59950300e-01
151 2.64760300e-01
152 2.70447800e-01
153 2.56595700e-01
154 2.64362000e-01
155 2.55061400e-01
156 2.55785800e-01
157 2.64142600e-01
158 2.46779300e-01
159 2.39781700e-01
160 2.45924800e-01
161 2.41541700e-01
162 2.41635900e-01
163 2.41908300e-01
164 2.43096300e-01
165 2.38265700e-01
166 2.65805600e-01
167 2.44426000e-01
168 2.40141700e-01
169 2.41582600e-01
170 2.41352100e-01
171 2.42395900e-01
172 2.38826200e-01
173 2.41169600e-01
174 2.34852700e-01
175 2.48739500e-01
176 2.42513400e-01
177 2.44034300e-01
178 2.39818000e-01
179 2.46024200e-01
180 2.42173100e-01
181 2.64297400e-01
182 2.70260800e-01
183 2.70936600e-01
184 2.67589600e-01
185 2.48216500e-01
186 2.45901400e-01
187 2.68929800e-01
188 2.71037600e-01
189 2.56985800e-01
190 2.56046900e-01
191 2.66012100e-01
192 2.50414800e-01
193 2.61128500e-01
194 2.64995000e-01
195 2.64466700e-01
196 2.46464900e-01
197 2.68224200e-01
198 2.72676200e-01
199 2.69592200e-01
200 2.73043100e-01
201 2.73520200e-01
202 2.67397000e-01
203 2.74329600e-01
204 2.60669300e-01
205 2.52108100e-01
206 2.48969600e-01
207 2.60403700e-01
208 2.55797700e-01
209 2.54421900e-01
210 2.66749000e-01
211 2.64678900e-01
212 2.64205600e-01
213 2.89518300e-01
214 2.77369300e-01
215 2.58884100e-01
216 2.74853300e-01
217 2.67596800e-01
218 2.65175700e-01
219 2.72425400e-01
220 2.84330000e-01
221 2.68309500e-01
222 2.72728000e-01
223 2.68412500e-01
224 2.76193100e-01
225 2.79428400e-01
226 2.84750600e-01
227 2.72975900e-01
228 2.66743300e-01
229 2.67880800e-01
230 2.64168700e-01
231 2.65149300e-01
232 2.79740100e-01
233 2.78717100e-01
234 2.65285900e-01
235 2.76914300e-01
236 2.65244800e-01
237 2.87667100e-01
238 2.86197000e-01
239 2.84999600e-01
240 2.70264200e-01
241 2.75127300e-01
242 2.63730900e-01
243 2.69936300e-01
244 2.80818200e-01
245 2.82067300e-01
246 2.70010100e-01
247 2.74787100e-01
248 2.77809000e-01
249 2.75932900e-01
250 2.71185100e-01
251 2.76331800e-01
252 2.63695600e-01
253 2.56584000e-01
254 2.71019200e-01
255 2.37938300e-01
256 2.31503000e-01
257 2.18252200e-01
258 2.32038100e-01
259 2.33830000e-01
260 2.17136100e-01
261 2.28347800e-01
262 2.38594600e-01
263 2.46298500e-01
264 2.22406100e-01
265 2.42633100e-01
266 2.34991200e-01
267 2.31689300e-01
268 2.32527400e-01
269 2.33101900e-01
270 2.43002700e-01
271 2.44997300e-01
272 2.31918700e-01
273 2.32400400e-01
274 2.37048800e-01
275 2.43203800e-01
276 2.42839100e-01
277 2.41028600e-01
278 2.43980800e-01
279 2.42052700e-01
280 2.41129600e-01
281 2.31838200e-01
282 2.51044900e-01
283 2.47427900e-01
284 2.55449500e-01
285 2.42809700e-01
286 2.45306800e-01
287 2.49752800e-01
288 2.40110800e-01
289 2.40378400e-01
290 2.53770200e-01
291 3.15659500e-01
292 2.73502800e-01
293 2.29891900e-01
294 2.50203900e-01
295 2.19052600e-01
296 2.39884600e-01
297 2.37426900e-01
298 2.27754200e-01
299 2.28834200e-01
300 2.27478900e-01
301 2.28604200e-01
302 2.29903900e-01
303 2.33645200e-01
304 2.30930500e-01
305 2.27343400e-01
306 2.26842700e-01
307 2.29129900e-01
308 2.24706200e-01
309 2.29569800e-01
310 2.27738800e-01
311 2.26114900e-01
312 2.32087100e-01
313 2.29565600e-01
314 2.27246900e-01
315 2.30620000e-01
316 2.25718900e-01
317 2.29633300e-01
318 2.28263000e-01
319 2.30091300e-01
320 2.32494100e-01
321 2.30640900e-01
322 2.28136800e-01
323 2.28821900e-01
324 2.24947000e-01
325 2.27149700e-01
326 2.31956200e-01
327 2.29376400e-01
328 2.30441900e-01
329 2.29381400e-01
330 2.30408500e-01
331 2.29016900e-01
332 2.28430800e-01
333 2.27550400e-01
334 2.31694600e-01
335 2.30183300e-01
336 2.28899700e-01
337 2.28565600e-01
338 2.25833100e-01
339 2.34736900e-01
340 2.29309700e-01
341 2.26341400e-01
342 2.28681600e-01
343 2.29447000e-01
344 2.24739600e-01
345 2.30052200e-01
346 2.29027100e-01
347 2.22638900e-01
348 2.28229700e-01
349 2.27260800e-01
350 2.26294800e-01
351 2.28200100e-01
352 2.33308800e-01
353 2.26416100e-01
354 2.28616300e-01
355 2.27536100e-01
356 2.29163700e-01
357 2.28601500e-01
358 2.26187900e-01
359 2.26202800e-01
360 2.32659600e-01
361 2.27641700e-01
362 2.31676600e-01
363 2.26454400e-01
364 2.26783800e-01
365 2.31056300e-01
366 2.26751800e-01
367 2.29995600e-01
368 2.27122700e-01
369 2.28302800e-01
370 2.31612200e-01
371 2.31769100e-01
372 2.32815600e-01
373 2.34964400e-01
374 2.33881400e-01
375 2.32540300e-01
376 2.28559100e-01
377 2.35136700e-01
378 2.28727400e-01
379 2.31851400e-01
380 2.34803600e-01
381 2.33335600e-01
382 2.37244200e-01
383 2.26840700e-01
384 2.30819400e-01
385 2.25835200e-01
386 2.30060900e-01
387 2.36280800e-01
388 2.30716700e-01
389 2.27545100e-01
390 2.30244300e-01
391 2.41724000e-01
392 2.38332600e-01
393 2.48903400e-01
394 2.39351800e-01
395 2.38830300e-01
396 2.41706000e-01
397 2.35672300e-01
398 2.37223100e-01
399 2.39618600e-01
400 2.41762500e-01
401 2.44988800e-01
402 2.31310000e-01
403 2.49000600e-01
404 2.36770500e-01
405 2.33170900e-01
406 2.41069500e-01
407 2.42990900e-01
408 2.36306300e-01
409 2.33473800e-01
410 2.32833300e-01
411 2.34295600e-01
412 2.37600300e-01
413 2.34861800e-01
414 2.36959800e-01
415 2.34559500e-01
416 2.36422500e-01
417 2.33770200e-01
418 2.35796100e-01
419 2.40000800e-01
420 2.33290600e-01
421 2.42616600e-01
422 2.42711400e-01
423 2.47286500e-01
424 2.48277700e-01
425 2.35417200e-01
426 2.38457800e-01
427 2.34967000e-01
428 2.39102900e-01
429 2.39307000e-01
430 2.44350500e-01
431 2.42294300e-01
432 2.37535000e-01
433 2.42559100e-01
434 2.32861100e-01
435 2.41906300e-01
436 2.43723900e-01
437 2.34739800e-01
438 2.31540600e-01
439 2.36108200e-01
440 2.31282600e-01
441 2.34662800e-01
442 2.32133800e-01
443 2.45935200e-01
444 2.51674500e-01
445 2.38924500e-01
446 2.32485700e-01
447 2.32269400e-01
448 2.30060200e-01
449 2.45571700e-01
450 2.43767600e-01
451 2.36556300e-01
452 2.25208800e-01
453 2.34196300e-01
454 2.35149400e-01
455 2.35697700e-01
456 2.32575200e-01
457 2.33636100e-01
458 2.35782700e-01
459 2.35898700e-01
460 2.36762000e-01
461 2.40918700e-01
462 2.36591300e-01
463 2.18146300e-01
464 2.30908100e-01
465 2.33620700e-01
466 2.33961800e-01
467 2.34689900e-01
468 2.30051000e-01
469 2.33099500e-01
470 2.32499200e-01
471 2.32139900e-01
472 2.34021100e-01
473 2.35824700e-01
474 2.35739800e-01
475 2.37097400e-01
476 2.31431100e-01
477 2.29800300e-01
478 2.34156000e-01
479 2.38143200e-01
480 2.36069600e-01
481 2.33944600e-01
482 2.32200300e-01
483 2.35125400e-01
484 2.35179800e-01
485 2.29804100e-01
486 2.32940800e-01
487 2.32411700e-01
488 2.35295900e-01
489 2.35026000e-01
490 2.24668100e-01
491 2.35319000e-01
492 2.35744600e-01
493 2.38266200e-01
494 2.34142700e-01
495 2.36450000e-01
496 2.43004100e-01
497 2.31560800e-01
498 2.32202000e-01
499 2.32593300e-01
500 2.37630200e-01
501 2.38323000e-01
502 2.32317900e-01
503 2.34457400e-01
504 2.32060100e-01
505 2.38251900e-01
506 2.33854800e-01
507 2.37372300e-01
508 2.35886100e-01
509 2.39022800e-01
510 2.34018300e-01
511 2.41988800e-01
512 2.33213200e-01
513 2.37981700e-01
514 2.30514700e-01
515 2.32374700e-01
516 2.34296800e-01
517 2.34331600e-01
518 2.35623800e-01
519 2.33937500e-01
520 2.33385800e-01
521 2.33789200e-01
522 2.31148900e-01
523 2.31747800e-01
524 2.32419800e-01
525 2.42017900e-01
526 2.29207000e-01
527 2.33394200e-01
528 2.34889500e-01
529 2.36410500e-01
530 2.34656700e-01
531 2.37576200e-01
532 2.32677700e-01
533 2.35798800e-01
534 2.36846800e-01
535 2.31070200e-01
536 2.32868600e-01
537 2.37414600e-01
538 2.47579700e-01
539 2.44260500e-01
540 2.48668000e-01
541 2.49855400e-01
542 2.42073600e-01
543 2.39271800e-01
544 2.34648700e-01
545 2.28180800e-01
546 2.19912100e-01
547 2.30589500e-01
548 2.36978600e-01
549 2.62442900e-01
550 2.32106300e-01
551 2.25808600e-01
552 2.20410200e-01
553 2.16768900e-01
554 2.22866400e-01
555 2.36897900e-01
556 2.23223800e-01
557 2.27658700e-01
558 2.25197800e-01
559 2.35009100e-01
560 2.33548800e-01
561 2.34497000e-01
562 2.31106500e-01
563 2.30543000e-01
564 2.27574200e-01
565 2.28432800e-01
566 2.30758000e-01
567 2.31996300e-01
568 2.17326900e-01
569 2.26259100e-01
570 2.25219200e-01
571 2.25672300e-01
572 2.25324300e-01
573 2.24686800e-01
574 2.18204200e-01
575 2.23249800e-01
576 2.27412500e-01
577 2.28404700e-01
578 2.28257700e-01
579 2.22832200e-01
580 2.18363800e-01
581 2.18585200e-01
582 2.29725200e-01
583 2.29120000e-01
584 2.17084700e-01
585 2.15654600e-01
586 2.19992200e-01
587 2.22572600e-01
588 2.19764600e-01
589 2.21673100e-01
590 2.23232600e-01
591 2.26142100e-01
592 2.24263000e-01
593 2.19502300e-01
594 2.21329400e-01
595 2.20714700e-01
596 2.23541700e-01
597 2.26429200e-01
598 2.24525400e-01
599 2.25928900e-01
600 2.27207400e-01
601 2.28520200e-01
602 2.23218600e-01
603 2.23409900e-01
604 2.27972500e-01
605 2.33425500e-01
606 2.32566400e-01
607 2.32826400e-01
608 2.33159900e-01
609 2.29822800e-01
610 2.38913600e-01
611 2.30700800e-01
612 2.36547300e-01
613 2.35291100e-01
614 2.35103100e-01
615 2.26270300e-01
616 2.17897800e-01
617 2.32652500e-01
618 2.21898000e-01
619 2.19915400e-01
620 2.25541400e-01
621 2.27787600e-01
622 2.29178100e-01
623 2.35830600e-01
624 2.36499000e-01
625 2.34529900e-01
626 2.19625500e-01
627 2.34859200e-01
628 2.15820200e-01
629 2.25567100e-01
630 2.31926200e-01
631 2.33743000e-01
632 2.30585100e-01
633 2.15264600e-01
634 2.28269700e-01
635 2.34603100e-01
636 2.27010300e-01
637 2.28134100e-01
638 2.28139200e-01
639 2.38089100e-01
640 2.24333400e-01
641 2.23895500e-01
642 2.32380800e-01
643 2.55224600e-01
644 2.59319300e-01
645 2.63236400e-01
646 2.50775900e-01
647 2.40841800e-01
648 2.47890300e-01
649 2.46599400e-01
650 2.37110400e-01
651 2.21422700e-01
652 2.20926600e-01
653 2.49419600e-01
654 2.21944800e-01
655 2.41089600e-01
656 2.28970900e-01
657 2.23718400e-01
658 2.23853600e-01
659 2.19337200e-01
660 2.16830100e-01
661 2.14978600e-01
662 2.15979000e-01
663 2.14460200e-01
664 2.18006400e-01
665 2.17624700e-01
666 2.17723700e-01
667 2.27327600e-01
668 2.32636500e-01
669 2.34379700e-01
670 2.31875800e-01
671 2.17860100e-01
672 2.17422000e-01
673 2.16427700e-01
674 2.16977400e-01
675 2.17509500e-01
676 2.15657400e-01
677 2.15936600e-01
678 2.15803100e-01
679 2.26702300e-01
680 2.32900600e-01
681 2.29467500e-01
682 2.16363900e-01
683 2.18271800e-01
684 2.47841500e-01
685 2.18024100e-01
686 2.15478200e-01
687 2.19750200e-01
688 2.17212600e-01
689 2.16094600e-01
690 2.15153400e-01
691 2.15150000e-01
692 2.17412900e-01
693 2.31216800e-01
694 2.27898200e-01
695 2.30631900e-01
696 2.26126100e-01
697 2.31500900e-01
698 2.39772400e-01
699 2.41350100e-01
700 2.29542700e-01
701 2.25970400e-01
702 2.31479600e-01
703 2.35909200e-01
704 2.42359300e-01
705 2.32703200e-01
706 2.37467200e-01
707 2.19548100e-01
708 2.15359000e-01
709 2.19966200e-01
710 2.23939200e-01
711 2.28937300e-01
712 2.32088300e-01
713 2.30058400e-01
714 2.49236400e-01
715 2.40479300e-01
716 2.31422700e-01
717 2.31881700e-01
718 2.18521800e-01
719 2.23697900e-01
720 2.15437600e-01
721 2.14008700e-01
722 2.24428700e-01
723 2.22224400e-01
724 2.15697400e-01
725 2.26962200e-01
726 2.27246100e-01
727 2.18847500e-01
728 2.17463200e-01
729 2.15167800e-01
730 2.13551600e-01
731 2.19828500e-01
732 2.26406400e-01
733 2.18368200e-01
734 2.14633500e-01
735 2.14297700e-01
736 2.18526900e-01
737 2.16548500e-01
738 2.15387300e-01
739 2.13801600e-01
740 2.12839300e-01
741 2.20512600e-01
742 2.18457700e-01
743 2.17229500e-01
744 2.14856600e-01
745 2.15483700e-01
746 2.18520700e-01
747 2.21612900e-01
748 2.23043900e-01
749 2.14768700e-01
750 2.22034100e-01
751 2.20519500e-01
752 2.15031400e-01
753 2.15411000e-01
754 2.15145000e-01
755 2.16076000e-01
756 2.17604500e-01
757 2.22363200e-01
758 2.14981300e-01
759 2.14054400e-01
760 2.17817300e-01
761 2.16163600e-01
762 2.15376400e-01
763 2.13216900e-01
764 2.17585600e-01
765 2.17837000e-01
766 2.15674400e-01
767 2.16003200e-01
768 2.14593400e-01
769 2.18449200e-01
770 2.18664400e-01
771 2.13496800e-01
772 2.14696000e-01
773 2.16656900e-01
774 2.19454600e-01
775 2.15180900e-01
776 2.15894300e-01
777 2.13499300e-01
778 2.37460100e-01
779 2.53201900e-01
780 2.33771000e-01
781 2.25951100e-01
782 2.33535900e-01
783 2.31357400e-01
784 2.38096600e-01
785 2.38506100e-01
786 2.29072500e-01
787 2.40415500e-01
788 2.27022900e-01
789 2.26940300e-01
790 2.39919500e-01
791 2.81907600e-01
792 2.96609400e-01
793 2.68803300e-01
794 2.53433000e-01
795 2.45616300e-01
796 2.57646000e-01
797 2.32410000e-01
798 2.51932600e-01
799 2.31884200e-01
800 2.35832100e-01
801 2.42794700e-01
802 2.24896000e-01
803 2.21548100e-01
804 2.14917000e-01
805 2.18083200e-01
806 2.46848400e-01
807 2.53606600e-01
808 2.32336700e-01
809 2.20330200e-01
810 2.53726300e-01
811 2.41099800e-01
812 2.32282700e-01
813 2.19763200e-01
814 2.13300400e-01
815 2.14001100e-01
816 2.17420800e-01
817 2.16157300e-01
818 2.14890000e-01
819 2.16346200e-01
820 2.14447600e-01
821 2.47965100e-01
822 2.47176000e-01
823 2.33460200e-01
824 2.31689100e-01
825 2.40185800e-01
826 2.28312700e-01
827 2.23898300e-01
828 2.14495700e-01
829 2.19113200e-01
830 2.18630200e-01
831 2.17320000e-01
832 2.15973800e-01
833 2.21938700e-01
834 2.14869900e-01
835 2.19959500e-01
836 2.28561400e-01
837 2.30713600e-01
838 2.25003800e-01
839 2.43477500e-01
840 2.33552000e-01
841 2.32735900e-01
842 2.29041100e-01
843 2.21064900e-01
844 2.43281000e-01
845 2.39883400e-01
846 2.27827000e-01
847 2.22128400e-01
848 2.23907600e-01
849 2.41411900e-01
850 2.42979600e-01
851 2.32452100e-01
852 2.20078400e-01
853 2.27532100e-01
854 2.27662600e-01
855 2.36462200e-01
856 2.35690400e-01
857 2.26531500e-01
858 2.15204100e-01
859 2.22013900e-01
860 2.55568700e-01
861 2.47768400e-01
862 2.34310800e-01
863 2.51017300e-01
864 2.51678900e-01
865 2.27823300e-01
866 2.44337800e-01
867 2.48461900e-01
868 2.54105800e-01
869 2.44957300e-01
870 2.48509900e-01
871 2.36140800e-01
872 2.44486200e-01
873 2.42956500e-01
874 2.46661800e-01
875 2.48042000e-01
876 2.39046500e-01
877 2.37746200e-01
878 2.29612100e-01
879 2.30444400e-01
880 2.31035900e-01
881 2.30561500e-01
882 2.29700600e-01
883 2.29681700e-01
884 2.28993100e-01
885 2.28255500e-01
886 2.28255800e-01
887 2.27543500e-01
888 2.26118800e-01
889 2.32130300e-01
890 2.32449800e-01
891 2.30774900e-01
892 2.31099900e-01
893 2.30383000e-01
894 2.33806000e-01
895 2.38846100e-01
896 2.33141000e-01
897 2.33925000e-01
898 2.37365100e-01
899 2.25694600e-01
900 2.31406300e-01
901 2.32365900e-01
902 2.32473700e-01
903 2.35796800e-01
904 2.29760900e-01
905 2.30175200e-01
906 2.29974900e-01
907 2.34688100e-01
908 2.32055500e-01
909 2.35263200e-01
910 2.31550700e-01
911 2.40225900e-01
912 2.33251100e-01
913 2.29843000e-01
914 2.30714900e-01
915 2.31625700e-01
916 2.31734600e-01
917 2.30157900e-01
918 2.28320800e-01
919 2.31862400e-01
920 2.36259600e-01
921 2.34365900e-01
922 2.30979300e-01
923 2.29612400e-01
924 2.29361900e-01
925 2.33813500e-01
926 2.35220300e-01
927 2.45788300e-01
928 2.41921400e-01
929 2.32914400e-01
930 2.38302600e-01
931 2.38279900e-01
932 2.31542300e-01
933 2.31013500e-01
934 2.39239600e-01
935 2.41389700e-01
936 2.51188000e-01
937 2.39614600e-01
938 2.38073100e-01
939 2.28507400e-01
940 2.47342900e-01
941 2.44834200e-01
942 2.41076000e-01
943 2.40168600e-01
944 2.37162400e-01
945 2.41508000e-01
946 2.47173200e-01
947 2.51012200e-01
948 2.44141000e-01
949 2.34573800e-01
950 2.24126900e-01
951 2.23574100e-01
952 2.21394100e-01
953 2.22603000e-01
954 2.25406200e-01
955 2.24161300e-01
956 2.22851100e-01
957 2.46182500e-01
958 2.46649200e-01
959 2.25425000e-01
960 2.30027900e-01
961 2.35464200e-01
962 2.21615800e-01
963 2.22987200e-01
964 2.36648100e-01
965 2.44153500e-01
966 2.35444500e-01
967 2.22974700e-01
968 2.37130500e-01
969 2.46240300e-01
970 2.38427900e-01
971 2.33846600e-01
972 2.42529800e-01
973 2.43377800e-01
974 2.39279800e-01
975 2.44508900e-01
976 2.37299100e-01
977 2.45219700e-01
978 2.47774900e-01
979 2.42077900e-01
980 2.25274900e-01
981 2.21602900e-01
982 2.27027300e-01
983 2.38239700e-01
984 2.24442300e-01
985 2.26713500e-01
986 2.23786700e-01
987 2.16720600e-01
988 2.09727700e-01
989 2.18528800e-01
990 2.38669600e-01
991 2.32590000e-01
992 2.33525900e-01
993 2.35139900e-01
994 2.26997400e-01
995 2.23742000e-01
996 2.26281800e-01
997 2.24888700e-01
998 2.23771800e-01
999 2.18365400e-01
1000 2.15511900e-01
1001 2.25220500e-01
1002 2.25447900e-01
1003 2.25386800e-01
1004 2.18972800e-01
1005 2.25203500e-01
1006 2.24008700e-01
1007 2.23710700e-01
1008 2.25038700e-01
1009 2.23784800e-01
1010 2.25985000e-01
1011 2.25908600e-01
1012 2.24186300e-01
1013 2.25080100e-01
1014 2.27475600e-01
1015 2.24090900e-01
1016 2.25052300e-01
1017 2.22942000e-01
1018 2.25106100e-01
1019 2.24639300e-01
1020 2.24852300e-01
1021 2.24790000e-01
1022 2.22232200e-01
1023 2.16039900e-01
1024 2.20846200e-01
1025 2.25560800e-01
1026 2.21895200e-01
1027 2.28959700e-01
1028 2.27366100e-01
1029 2.26624000e-01
1030 2.24063600e-01
1031 2.24960900e-01
1032 2.23587900e-01
1033 2.26587300e-01
1034 2.24074200e-01
1035 2.25827800e-01
1036 2.24318800e-01
1037 2.24162100e-01
1038 2.24597400e-01
1039 2.27505800e-01
1040 2.24345800e-01
1041 2.23361800e-01
1042 2.21675300e-01
1043 2.21294000e-01
1044 2.23809700e-01
1045 2.17986000e-01
1046 2.16648800e-01
1047 2.16043600e-01
1048 2.21363400e-01
1049 2.23261700e-01
1050 2.24929800e-01
1051 2.24495300e-01
1052 2.28824700e-01
1053 2.22233000e-01
1054 2.24075600e-01
1055 2.37881300e-01
1056 2.25317800e-01
1057 2.16603900e-01
1058 2.11845600e-01
1059 2.16409600e-01
1060 2.14312600e-01
1061 2.16018900e-01
1062 2.18228900e-01
1063 2.16627800e-01
1064 2.19291300e-01
1065 2.14598400e-01
1066 2.15461400e-01
1067 2.35511000e-01
1068 2.34191700e-01
1069 2.16096900e-01
1070 2.15481900e-01
1071 2.22152000e-01
1072 2.21376300e-01
1073 2.25140700e-01
1074 2.18151100e-01
1075 2.14509900e-01
1076 2.15013900e-01
1077 2.28971600e-01
1078 2.26348500e-01
1079 2.25366200e-01
1080 2.24532800e-01
1081 2.23590800e-01
1082 2.26577400e-01
1083 2.37727600e-01
1084 2.40550700e-01
1085 2.34202000e-01
1086 2.41518900e-01
1087 2.34013400e-01
1088 2.24955000e-01
1089 2.39440000e-01
1090 2.41506900e-01
1091 2.30329600e-01
1092 2.33429800e-01
1093 2.33888800e-01
1094 2.32502500e-01
1095 2.33498400e-01
1096 2.25449700e-01
1097 2.26115400e-01
1098 2.35187400e-01
1099 2.21177300e-01
1100 2.15311200e-01
1101 2.53221500e-01
1102 2.41933500e-01
1103 2.50289900e-01
1104 2.47830900e-01
1105 2.31977500e-01
1106 2.29278200e-01
1107 2.34512200e-01
1108 2.32934200e-01
1109 2.38570900e-01
1110 2.31916600e-01
1111 2.33992900e-01
1112 2.29884600e-01
1113 2.32653400e-01
1114 2.31478100e-01
1115 2.34141300e-01
1116 2.36333100e-01
1117 2.33388500e-01
1118 2.32058400e-01
1119 2.32160600e-01
1120 2.32209400e-01
1121 2.29783400e-01
1122 2.30379700e-01
1123 2.42001200e-01
1124 2.33552300e-01
1125 2.35060800e-01
1126 2.30901900e-01
1127 2.32174800e-01
1128 2.30049800e-01
1129 2.32889800e-01
1130 2.31508400e-01
1131 2.17812100e-01
1132 2.28919300e-01
1133 2.30310500e-01
1134 2.29789300e-01
1135 2.31424100e-01
1136 2.33200300e-01
1137 2.31668100e-01
1138 2.31297400e-01
1139 2.30424600e-01
1140 2.30062900e-01
1141 2.32603400e-01
1142 2.34932500e-01
1143 2.30770700e-01
1144 2.34182000e-01
1145 2.31531800e-01
1146 2.29591500e-01
1147 2.31003300e-01
1148 2.30894900e-01
1149 2.31507900e-01
1150 2.34217900e-01
1151 2.31995500e-01
1152 2.31669300e-01
1153 2.31461200e-01
1154 2.33633600e-01
1155 2.34299800e-01
1156 2.29632300e-01
1157 2.28467900e-01
1158 2.30688000e-01
1159 2.34229700e-01
1160 2.28030700e-01
1161 2.24347100e-01
1162 2.25725800e-01
1163 2.34857900e-01
1164 2.39078300e-01
1165 2.26032300e-01
1166 2.29386800e-01
1167 2.34013100e-01
1168 2.35062100e-01
1169 2.32560800e-01
1170 2.32267200e-01
1171 2.34100400e-01
1172 2.36044900e-01
1173 2.29842800e-01
1174 2.32629300e-01
1175 2.30868000e-01
1176 2.32979600e-01
1177 2.34625200e-01
1178 2.29119800e-01
1179 2.33570000e-01
1180 2.30002200e-01
1181 2.32092200e-01
1182 2.29719100e-01
1183 2.30561900e-01
1184 2.26308400e-01
1185 2.27629700e-01
1186 2.26825000e-01
1187 2.25665900e-01
1188 2.25306600e-01
1189 2.29694500e-01
1190 2.24781800e-01
1191 2.25896100e-01
1192 2.25147800e-01
1193 2.22279500e-01
1194 2.31056400e-01
1195 2.26121200e-01
1196 2.25274500e-01
1197 2.27865300e-01
1198 2.25533300e-01
1199 2.26128900e-01
1200 2.25525000e-01
1201 2.26035700e-01
1202 2.24799600e-01
1203 2.22553600e-01
1204 2.25653700e-01
1205 2.23866100e-01
1206 2.24156500e-01
1207 2.27133700e-01
1208 2.25116600e-01
1209 2.27097000e-01
1210 2.24935000e-01
1211 2.28178000e-01
1212 2.31849600e-01
1213 2.25231200e-01
1214 2.27913000e-01
1215 2.29617700e-01
1216 2.27436900e-01
1217 2.24538100e-01
1218 2.26181200e-01
1219 2.24610100e-01
1220 2.25355600e-01
1221 2.27209800e-01
1222 2.25284400e-01
1223 2.26111800e-01
1224 2.26269200e-01
1225 2.24903400e-01
1226 2.23815100e-01
1227 2.23768900e-01
1228 2.31643300e-01
1229 2.27497200e-01
1230 2.30838700e-01
1231 2.25348700e-01
1232 2.28513200e-01
1233 2.30485500e-01
1234 2.34299300e-01
1235 2.35047400e-01
1236 2.34381600e-01
1237 2.35989700e-01
1238 2.48381000e-01
1239 2.25362100e-01
1240 2.20703800e-01
1241 2.25643100e-01
1242 2.37223100e-01
1243 2.32135900e-01
1244 2.28016100e-01
1245 2.22075600e-01
1246 2.28298600e-01
1247 2.25196200e-01
1248 2.28927600e-01
1249 2.34593900e-01
1250 2.30113700e-01
1251 2.29512100e-01
1252 2.21715500e-01
1253 2.16199300e-01
1254 2.22803800e-01
1255 2.22040800e-01
1256 2.18601400e-01
1257 2.17740700e-01
1258 2.16431000e-01
1259 2.23172900e-01
1260 2.25498500e-01
1261 2.26614600e-01
1262 2.19858400e-01
1263 2.23125100e-01
1264 2.24699100e-01
1265 2.23977100e-01
1266 2.20771400e-01
1267 2.21199500e-01
1268 2.23346400e-01
1269 2.25384800e-01
1270 2.22969300e-01
1271 2.22783000e-01
1272 2.20775100e-01
1273 2.25275000e-01
1274 2.18744500e-01
1275 2.17061600e-01
1276 2.20478600e-01
1277 2.19525300e-01
1278 2.23786200e-01
1279 2.21862400e-01
1280 2.21499100e-01
1281 2.29646400e-01
1282 2.26020000e-01
1283 2.23707300e-01
1284 2.25777600e-01
1285 2.32107900e-01
1286 2.26712800e-01
1287 2.25728300e-01
1288 2.22400000e-01
1289 2.22521700e-01
1290 2.15001900e-01
1291 2.22193900e-01
1292 2.05135400e-01
1293 2.18003200e-01
1294 2.15240400e-01
1295 2.14723900e-01
1296 2.15786300e-01
1297 2.23291700e-01
1298 2.24708200e-01
1299 2.16578900e-01
1300 2.13974100e-01
1301 2.20262700e-01
1302 2.43011300e-01
1303 2.28828200e-01
1304 2.35125300e-01
1305 2.37111200e-01
1306 2.30547100e-01
1307 2.43072800e-01
1308 2.37968600e-01
1309 2.34338600e-01
1310 2.58773300e-01
1311 2.30684400e-01
1312 2.23972400e-01
1313 2.27784800e-01
1314 2.39217800e-01
1315 2.35535500e-01
1316 2.25831000e-01
1317 2.20753800e-01
1318 2.17453800e-01
1319 2.20772900e-01
1320 2.22486100e-01
1321 2.26100700e-01
1322 2.28855200e-01
1323 2.18496500e-01
1324 2.24540100e-01
1325 2.20903500e-01
1326 2.17964000e-01
1327 2.25530400e-01
1328 2.26551900e-01
1329 2.28692500e-01
1330 2.23180300e-01
1331 2.28192800e-01
1332 2.25288000e-01
1333 2.19450700e-01
1334 2.34360500e-01
1335 2.25955500e-01
1336 2.28239200e-01
1337 2.23736000e-01
1338 2.26855700e-01
1339 2.24598900e-01
1340 2.27523600e-01
1341 2.25696600e-01
1342 2.25798600e-01
1343 2.24731200e-01
1344 2.30260500e-01
1345 2.32599700e-01
1346 2.26159700e-01
1347 2.27345900e-01
1348 2.26763600e-01
1349 2.27939900e-01
1350 2.25629700e-01
1351 2.26067600e-01
1352 2.26739100e-01
1353 2.26817800e-01
1354 2.29204500e-01
1355 2.27617600e-01
1356 2.25000800e-01
1357 2.26891200e-01
1358 2.27868500e-01
1359 2.25624800e-01
1360 2.28906800e-01
1361 2.25732100e-01
1362 2.26730500e-01
1363 2.27359000e-01
1364 2.26823400e-01
1365 2.24274800e-01
1366 2.25345100e-01
1367 2.27505200e-01
1368 2.28788500e-01
1369 2.24528200e-01
1370 2.25390900e-01
1371 2.24434200e-01
1372 2.24968100e-01
1373 2.26394700e-01
1374 2.25272200e-01
1375 2.27706200e-01
1376 2.24188800e-01
1377 2.26113500e-01
1378 2.30104400e-01
1379 2.26234900e-01
1380 2.29773000e-01
1381 2.30105900e-01
1382 2.27429900e-01
1383 2.27021600e-01
1384 2.28322800e-01
1385 2.25918200e-01
1386 2.26829000e-01
1387 2.24871000e-01
1388 2.24453700e-01
1389 2.23915000e-01
1390 2.26522600e-01
1391 2.24984400e-01
1392 2.26408400e-01
1393 2.30294200e-01
1394 2.25675200e-01
1395 2.25771500e-01
1396 2.25471100e-01
1397 2.27932100e-01
1398 2.28360900e-01
1399 2.25522100e-01
1400 2.25758400e-01
1401 2.26995100e-01
1402 2.28503200e-01
1403 2.26993200e-01
1404 2.27671900e-01
1405 2.24340500e-01
1406 2.25772100e-01
1407 2.25916200e-01
1408 2.31775600e-01
1409 2.26802000e-01
1410 2.23502700e-01
1411 2.28706900e-01
1412 2.26473900e-01
1413 2.23703300e-01
1414 2.22999400e-01
1415 2.23489700e-01
1416 2.25987300e-01
1417 2.23482100e-01
1418 2.23414800e-01
1419 2.23444500e-01
1420 2.29177700e-01
1421 2.27652300e-01
1422 2.25944500e-01
1423 2.25042200e-01
1424 2.28703000e-01
1425 2.26132300e-01
1426 2.27629400e-01
1427 2.24059700e-01
1428 2.27647700e-01
1429 2.23384300e-01
1430 2.26198900e-01
1431 2.25765900e-01
1432 2.24930100e-01
1433 2.27421100e-01
1434 2.24731400e-01
1435 2.25639700e-01
1436 2.24042500e-01
1437 2.24743400e-01
1438 2.25749100e-01
1439 2.31958000e-01
1440 2.25204400e-01
1441 2.24605100e-01
1442 2.28570400e-01
1443 2.24297000e-01
1444 2.25511800e-01
1445 2.26108800e-01
1446 2.27498200e-01
1447 2.26170500e-01
1448 2.26182800e-01
1449 2.23030700e-01
1450 2.26997000e-01
1451 2.25928600e-01
1452 2.26611700e-01
1453 2.24622300e-01
1454 2.24389300e-01
1455 2.33885600e-01
1456 2.23748700e-01
1457 2.26497200e-01
1458 2.24904400e-01
1459 2.26775400e-01
1460 2.23512200e-01
1461 2.25332900e-01
1462 2.09375200e-01
1463 2.13602100e-01
1464 2.26358800e-01
1465 2.24494300e-01
1466 2.26045800e-01
1467 2.23596400e-01
1468 2.28030900e-01
1469 2.28922500e-01
1470 2.32893600e-01
1471 2.27775400e-01
1472 2.26144500e-01
1473 2.33618700e-01
1474 2.26694300e-01
1475 2.26421400e-01
1476 2.26025200e-01
1477 2.24932000e-01
1478 2.24837300e-01
1479 2.22283100e-01
1480 2.25063800e-01
1481 2.23561000e-01
1482 2.28421100e-01
1483 2.24167500e-01
1484 2.23777900e-01
1485 2.28322300e-01
1486 2.26213700e-01
1487 2.26495000e-01
1488 2.26614300e-01
1489 2.26366200e-01
1490 2.27482900e-01
1491 2.25900200e-01
1492 2.28157400e-01
1493 2.25321300e-01
1494 2.22220100e-01
1495 2.26424000e-01
1496 2.28867300e-01
1497 2.28252500e-01
1498 2.22430500e-01
1499 2.27751100e-01
1500 2.28089800e-01
1501 2.25964600e-01
1502 2.25650400e-01
1503 2.22446100e-01
1504 2.25598700e-01
1505 2.23063800e-01
1506 2.27213600e-01
1507 2.24893000e-01
1508 2.27074700e-01
1509 2.27228900e-01
1510 2.27427000e-01
1511 2.25420600e-01
1512 2.28802400e-01
1513 2.26980700e-01
1514 2.27615100e-01
1515 2.28298200e-01
1516 2.24331900e-01
1517 2.26801000e-01
1518 2.25439200e-01
1519 2.25865000e-01
1520 2.24804100e-01
1521 2.29812000e-01
1522 2.25529200e-01
1523 2.23533700e-01
1524 2.30113400e-01
1525 2.25196400e-01
1526 2.25474600e-01
1527 2.25132000e-01
1528 2.22796000e-01
1529 2.24976800e-01
1530 2.25039000e-01
1531 2.25512000e-01
1532 2.24709200e-01
1533 2.23248600e-01
1534 2.27577200e-01
1535 2.26010400e-01
1536 2.31760000e-01
1537 2.28070800e-01
1538 2.23696900e-01
1539 2.25401600e-01
1540 2.23645500e-01
1541 2.26123900e-01
1542 2.22193100e-01
1543 2.26823000e-01
1544 2.25673100e-01
1545 2.23405400e-01
1546 2.23893700e-01
1547 2.24190700e-01
1548 2.26621700e-01
1549 2.25157400e-01
1550 2.26601800e-01
1551 2.26647900e-01
1552 2.31615100e-01
1553 2.22130700e-01
1554 2.25913400e-01
1555 2.26828000e-01
1556 2.25608000e-01
1557 2.27829400e-01
1558 2.26426600e-01
1559 2.28346400e-01
1560 2.25551000e-01
1561 2.18978000e-01
1562 2.24800100e-01
1563 2.24837500e-01
1564 2.25308900e-01
1565 2.26092800e-01
1566 2.24234200e-01
1567 2.25564000e-01
1568 2.28524800e-01
1569 2.24594500e-01
1570 2.23517500e-01
1571 2.24225200e-01
1572 2.24059700e-01
1573 2.23637600e-01
1574 2.23969300e-01
1575 2.26299800e-01
1576 2.25074400e-01
1577 2.24783000e-01
1578 2.24435100e-01
1579 2.22047800e-01
1580 2.25560400e-01
1581 2.26138300e-01
1582 2.23192300e-01
1583 2.26623100e-01
1584 2.25865900e-01
1585 2.24283000e-01
1586 2.24383800e-01
1587 2.31851000e-01
1588 2.24976200e-01
1589 2.25290900e-01
1590 2.26794500e-01
1591 2.27524900e-01
1592 2.28218700e-01
1593 2.26035400e-01
1594 2.25739400e-01
1595 2.28220500e-01
1596 2.27919700e-01
1597 2.26974100e-01
1598 2.26981200e-01
1599 2.23872500e-01
1600 2.26565600e-01
1601 2.32831100e-01
1602 2.31451900e-01
1603 2.31921100e-01
1604 2.29911600e-01
1605 2.32802800e-01
1606 2.32782200e-01
1607 2.29749200e-01
1608 2.31392100e-01
1609 2.29950300e-01
1610 2.31741900e-01
1611 2.32700600e-01
1612 2.30643400e-01
1613 2.31588900e-01
1614 2.30470400e-01
1615 2.28452000e-01
1616 2.29020200e-01
1617 2.31127100e-01
1618 2.31886100e-01
1619 2.29569600e-01
1620 2.29577000e-01
1621 2.31224300e-01
1622 2.31401400e-01
1623 2.31504400e-01
1624 2.34777100e-01
1625 2.01390300e-01
1626 1.93367600e-01
1627 2.08742400e-01
1628 2.30125400e-01
1629 2.30661900e-01
1630 2.30525900e-01
1631 2.32918700e-01
1632 2.31200700e-01
1633 2.30952500e-01
1634 2.32463700e-01
1635 2.30265700e-01
1636 2.32121100e-01
1637 2.32557400e-01
1638 2.30877300e-01
1639 2.27289000e-01
1640 2.24764500e-01
1641 2.27502700e-01
1642 2.27495300e-01
1643 2.28708300e-01
1644 2.28447900e-01
1645 2.29303800e-01
1646 2.29831900e-01
1647 2.29520500e-01
1648 2.25346500e-01
1649 2.29070100e-01
1650 2.27875000e-01
1651 2.25674200e-01
1652 2.28251500e-01
1653 2.21877800e-01
1654 2.27289800e-01
1655 2.24296200e-01
1656 2.24393300e-01
1657 2.24689100e-01
1658 2.22669800e-01
1659 2.28387800e-01
1660 2.25155500e-01
1661 2.28532500e-01
1662 2.31318900e-01
1663 2.33921700e-01
1664 2.32000000e-01
1665 2.28959500e-01
1666 2.28641400e-01
1667 2.31188500e-01
1668 2.38883700e-01
1669 2.35476100e-01
1670 2.31475400e-01
1671 2.32384900e-01
1672 2.27680000e-01
1673 2.23522400e-01
1674 2.23582600e-01
1675 2.24392200e-01
1676 2.28955100e-01
1677 2.25836800e-01
1678 2.24744900e-01
1679 2.25259500e-01
1680 2.28463300e-01
1681 2.24946400e-01
1682 2.24928800e-01
1683 2.24561600e-01
1684 2.30565500e-01
1685 2.25871900e-01
1686 2.28071100e-01
1687 2.27917300e-01
1688 2.29036300e-01
1689 2.27447900e-01
1690 2.24817700e-01
1691 2.26617000e-01
1692 2.27285100e-01
1693 2.30885200e-01
1694 2.25314200e-01
1695 2.24686300e-01
1696 2.23051200e-01
1697 2.26301100e-01
1698 2.32305200e-01
1699 2.29813800e-01
1700 2.32289000e-01
1701 2.29445300e-01
1702 2.30941400e-01
1703 2.30745100e-01
1704 2.35336800e-01
1705 2.28512300e-01
1706 2.28784800e-01
1707 2.31225500e-01
1708 2.30918700e-01
1709 2.31893300e-01
1710 2.31626600e-01
1711 2.35102200e-01
1712 2.30903700e-01
1713 2.32568600e-01
1714 2.32099300e-01
1715 2.28228200e-01
1716 2.28849300e-01
1717 2.28847300e-01
1718 2.26404300e-01
1719 2.33742700e-01
1720 2.29015500e-01
1721 2.34229200e-01
1722 2.30953300e-01
1723 2.30088300e-01
1724 2.31010000e-01
1725 2.32108100e-01
1726 2.32085500e-01
1727 2.31664400e-01
1728 2.30406200e-01
1729 2.29791200e-01
1730 2.30438000e-01
1731 2.31504800e-01
1732 2.32519000e-01
1733 2.33789400e-01
1734 2.32456700e-01
1735 2.35801000e-01
1736 2.30906500e-01
1737 2.33792600e-01
1738 2.31735100e-01
1739 2.32980200e-01
1740 2.31016200e-01
1741 2.32597800e-01
1742 2.29271700e-01
1743 2.29423800e-01
1744 2.30301800e-01
1745 2.23291900e-01
1746 2.26299100e-01
1747 2.29344000e-01
1748 2.29156200e-01
1749 2.30581900e-01
1750 2.31575400e-01
1751 2.33431100e-01
1752 2.30390600e-01
1753 2.35908800e-01
1754 2.31717000e-01
1755 2.31190900e-01
1756 2.27634000e-01
1757 2.33596200e-01
1758 2.32109200e-01
1759 2.29421900e-01
1760 2.34109200e-01
1761 2.31867200e-01
1762 2.32691700e-01
1763 2.33679200e-01
1764 2.31713000e-01
1765 2.30280500e-01
1766 2.28729500e-01
1767 2.31637500e-01
1768 2.32336400e-01
1769 2.33402400e-01
1770 2.31165600e-01
1771 2.32069500e-01
1772 2.28263000e-01
1773 2.30523600e-01
1774 2.30049200e-01
1775 2.33785100e-01
1776 2.34100900e-01
1777 2.31522500e-01
1778 2.23756800e-01
1779 2.31674400e-01
1780 2.33074500e-01
1781 2.27374000e-01
1782 2.29535000e-01
1783 2.30601400e-01
1784 2.31594000e-01
1785 2.32262300e-01
1786 2.33526100e-01
1787 2.30459000e-01
1788 2.27433700e-01
1789 2.31907600e-01
1790 2.32060900e-01
1791 2.32195600e-01
1792 2.29873400e-01
1793 2.29253000e-01
1794 2.30691900e-01
1795 2.31158300e-01
1796 2.31347000e-01
1797 2.35300800e-01
1798 2.32118100e-01
1799 2.34097900e-01
1800 2.33343600e-01
1801 2.32828800e-01
1802 2.31587800e-01
1803 2.32640400e-01
1804 2.34513000e-01
1805 2.30001800e-01
1806 2.36963400e-01
1807 2.32556800e-01
1808 2.36086900e-01
1809 2.28875900e-01
1810 2.33200700e-01
1811 2.29496400e-01
1812 2.29908300e-01
1813 2.29980200e-01
1814 2.33587100e-01
1815 2.32598300e-01
1816 2.31034700e-01
1817 2.31253100e-01
1818 2.30512200e-01
1819 2.30473900e-01
1820 2.31796900e-01
1821 2.30049400e-01
1822 2.33592800e-01
1823 2.28886400e-01
1824 2.17712000e-01
1825 2.24926700e-01
1826 2.05641400e-01
1827 2.21987200e-01
1828 2.24225500e-01
1829 2.21644500e-01
1830 2.21741700e-01
1831 2.21361700e-01
1832 2.24065300e-01
1833 2.25940300e-01
1834 2.27430000e-01
1835 2.26978900e-01
1836 2.25033300e-01
1837 2.23510000e-01
1838 2.27255600e-01
1839 2.31648700e-01
1840 2.31768400e-01
1841 2.38674800e-01
1842 2.33403500e-01
1843 2.30689100e-01
1844 2.28516900e-01
1845 2.32874400e-01
1846 2.27078200e-01
1847 2.30071900e-01
1848 2.31956400e-01
1849 2.31250700e-01
1850 2.32516800e-01
1851 2.28713600e-01
1852 2.30545500e-01
1853 2.30332100e-01
1854 2.29600200e-01
1855 2.31229700e-01
1856 2.30186100e-01
1857 2.29917700e-01
1858 2.31982000e-01
1859 2.31637200e-01
1860 2.37333500e-01
1861 2.30845700e-01
1862 2.31444300e-01
1863 2.33211800e-01
1864 2.31102100e-01
1865 2.29836200e-01
1866 2.31489100e-01
1867 2.33232200e-01
1868 2.30337500e-01
1869 2.29817600e-01
1870 2.30747900e-01
1871 2.31978000e-01
1872 2.29874000e-01
1873 2.32795900e-01
1874 2.28902600e-01
1875 2.29998700e-01
1876 2.30243100e-01
1877 2.30143600e-01
1878 2.29040000e-01
1879 2.28366700e-01
1880 2.33359100e-01
1881 2.30728000e-01
1882 2.30451300e-01
1883 2.30784600e-01
1884 2.32472300e-01
1885 2.31861400e-01
1886 2.33598900e-01
1887 2.37193700e-01
1888 2.31168600e-01
1889 2.31934100e-01
1890 2.32660000e-01
1891 2.29965200e-01
1892 2.30813800e-01
1893 2.33814700e-01
1894 2.29911000e-01
1895 2.30608700e-01
1896 2.33366200e-01
1897 2.36273600e-01
1898 2.32162100e-01
1899 2.29490600e-01
1900 2.31944200e-01
1901 2.36795300e-01
1902 2.32008800e-01
1903 2.29457900e-01
1904 2.30782500e-01
1905 2.33752700e-01
1906 2.34070700e-01
1907 2.27810100e-01
1908 2.30308200e-01
1909 2.30319200e-01
1910 2.33835400e-01
1911 2.28210900e-01
1912 2.31864100e-01
1913 2.33293400e-01
1914 2.37741600e-01
1915 2.29573000e-01
1916 2.30900100e-01
1917 2.34432700e-01
1918 2.32781600e-01
1919 2.32810600e-01
1920 2.31837200e-01
1921 2.31002100e-01
1922 2.27139500e-01
1923 2.27904100e-01
1924 2.30793800e-01
1925 2.32251600e-01
1926 2.28884700e-01
1927 2.33823400e-01
1928 2.35013400e-01
1929 2.32559500e-01
1930 2.29608000e-01
1931 2.33180800e-01
1932 2.32083300e-01
1933 2.32360500e-01
1934 2.29047700e-01
1935 2.32672400e-01
1936 2.30768000e-01
1937 2.33282900e-01
1938 2.31822100e-01
1939 2.28907900e-01
1940 2.29752300e-01
1941 2.27040500e-01
1942 2.27094900e-01
1943 2.25806000e-01
1944 2.26820400e-01
1945 2.33754800e-01
1946 2.29716800e-01
1947 2.24505300e-01
1948 2.23114400e-01
1949 2.33203300e-01
1950 2.29987000e-01
1951 2.08733400e-01
1952 2.26825500e-01
1953 2.29339300e-01
1954 2.29231400e-01
1955 2.27484700e-01
1956 2.26361600e-01
1957 2.26102700e-01
1958 2.31090200e-01
1959 2.25259400e-01
1960 2.31217000e-01
1961 2.32124000e-01
1962 2.32774900e-01
1963 2.33998300e-01
1964 2.31441400e-01
1965 2.30371500e-01
1966 2.27627100e-01
1967 2.35325200e-01
1968 2.30700600e-01
1969 2.31770100e-01
1970 2.32326200e-01
1971 2.34087800e-01
1972 2.34886500e-01
1973 2.35462300e-01
1974 2.35171800e-01
1975 2.32851500e-01
1976 2.31882800e-01
1977 2.30604000e-01
1978 2.29939000e-01
1979 2.29172400e-01
1980 2.34587400e-01
1981 2.32138500e-01
1982 2.29387100e-01
1983 2.22489700e-01
1984 2.37559400e-01
1985 2.32171400e-01
1986 2.27709700e-01
1987 2.26995000e-01
1988 2.26566100e-01
1989 2.27955700e-01
1990 2.29894200e-01
1991 2.25605400e-01
1992 2.28565000e-01
1993 2.28837000e-01
1994 2.63216400e-01
1995 2.29558300e-01
1996 2.30544500e-01
1997 2.35292200e-01
1998 2.30126900e-01
1999 2.33107700e-01
2000 2.30364700e-01
2001 2.33720300e-01
2002 2.31528300e-01
2003 2.34501200e-01
2004 2.33285500e-01
2005 2.30710300e-01
2006 2.31004700e-01
2007 2.29919500e-01
2008 2.29288100e-01
2009 2.32192900e-01
2010 2.33738600e-01
2011 2.32082500e-01
2012 2.29314500e-01
2013 2.32526900e-01
2014 2.35177700e-01
2015 2.30305000e-01
2016 2.37013600e-01
2017 2.26965500e-01
2018 2.23979300e-01
2019 2.23791800e-01
2020 2.25966300e-01
2021 2.32279400e-01
2022 2.29111900e-01
2023 2.33342800e-01
2024 2.31435200e-01
2025 2.28867000e-01
2026 2.28927600e-01
2027 2.31341600e-01
2028 2.28964900e-01
2029 2.32029400e-01
2030 2.30837000e-01
2031 2.39132300e-01
2032 2.30174500e-01
2033 2.32540900e-01
2034 2.30636100e-01
2035 2.31965000e-01
2036 2.31560900e-01
2037 2.33311300e-01
2038 2.32117800e-01
2039 2.30113000e-01
2040 2.32080200e-01
2041 2.28631900e-01
2042 2.32548800e-01
2043 2.35602200e-01
2044 2.36733500e-01
2045 2.29265000e-01
2046 2.34193300e-01
2047 2.28891500e-01
2048 2.33177000e-01
2049 2.31453200e-01
2050 2.32139700e-01
2051 2.31924800e-01
2052 2.30344900e-01
2053 2.26912800e-01
2054 2.27921100e-01
2055 2.31786400e-01
2056 2.29508800e-01
2057 2.30384800e-01
2058 2.39638400e-01
2059 2.34487100e-01
2060 2.32365800e-01
2061 2.31271600e-01
2062 2.35002000e-01
2063 2.29068700e-01
2064 2.31609900e-01
2065 2.32568000e-01
2066 2.30474100e-01
2067 2.30265600e-01
2068 2.32104900e-01
2069 2.31866700e-01
2070 2.32988200e-01
2071 2.28633800e-01
2072 2.32633300e-01
2073 2.31137300e-01
2074 2.33473600e-01
2075 2.32847500e-01
2076 2.32168400e-01
2077 2.32738200e-01
2078 2.30228300e-01
2079 2.32872500e-01
2080 2.28597500e-01
2081 2.29596600e-01
2082 2.26777300e-01
2083 2.30916400e-01
2084 2.27301900e-01
2085 2.26791900e-01
2086 2.31921300e-01
2087 2.29390900e-01
2088 2.34000500e-01
2089 2.26271000e-01
2090 2.32119700e-01
2091 2.30837400e-01
2092 2.33085000e-01
2093 2.33297400e-01
2094 2.29372900e-01
2095 2.27697400e-01
2096 2.30792900e-01
2097 2.28114500e-01
2098 2.29288400e-01
2099 2.29917100e-01
2100 2.30115100e-01
2101 2.32366300e-01
2102 2.30439600e-01
2103 2.30259500e-01
2104 2.30752300e-01
2105 2.33089100e-01
2106 2.32842500e-01
2107 2.32240400e-01
2108 2.30492900e-01
2109 2.32787500e-01
2110 2.34630200e-01
2111 2.30861700e-01
2112 2.32677600e-01
2113 2.33523600e-01
2114 2.32967200e-01
2115 2.31648500e-01
2116 2.32214900e-01
2117 2.30584200e-01
2118 2.36833900e-01
2119 2.30477600e-01
2120 2.31609400e-01
2121 2.31364900e-01
2122 2.33933400e-01
2123 2.28987500e-01
2124 2.30707100e-01
2125 2.29144600e-01
2126 2.29837700e-01
2127 2.32852500e-01
2128 2.33706600e-01
2129 2.32665100e-01
2130 2.32103100e-01
2131 2.31101400e-01
2132 2.31125100e-01
2133 2.32971400e-01
2134 2.31520100e-01
2135 2.32798100e-01
2136 2.33350500e-01
2137 2.28301200e-01
2138 2.32837500e-01
2139 2.32383400e-01
2140 2.32580400e-01
2141 2.28488200e-01
2142 2.26741500e-01
2143 2.28622200e-01
2144 2.33713000e-01
2145 2.36948500e-01
2146 2.30724400e-01
2147 2.35582200e-01
2148 2.29658900e-01
2149 2.32409600e-01
2150 2.30688700e-01
2151 2.32442000e-01
2152 2.32038100e-01
2153 2.32413300e-01
2154 2.30450300e-01
2155 2.29482200e-01
2156 2.28184900e-01
2157 2.33378800e-01
2158 2.30765600e-01
2159 2.31445400e-01
2160 2.31950100e-01
2161 2.35892100e-01
2162 2.30637400e-01
2163 2.31765100e-01
2164 2.28780700e-01
2165 2.34866700e-01
2166 2.31846200e-01
2167 2.35668500e-01
2168 2.31810100e-01
2169 2.30910700e-01
2170 2.27018900e-01
2171 2.29932900e-01
2172 2.36687200e-01
2173 2.46517300e-01
2174 2.62015700e-01
2175 2.45509700e-01
2176 2.39370200e-01
2177 2.38022700e-01
2178 2.37937500e-01
2179 2.35516500e-01
2180 2.40482100e-01
2181 2.40404500e-01
2182 2.33592700e-01
2183 2.37730600e-01
2184 2.35077800e-01
2185 2.32107700e-01
2186 2.33212600e-01
2187 2.41136400e-01
2188 2.46695600e-01
2189 2.36479900e-01
2190 2.23375600e-01
2191 2.41812800e-01
2192 2.33603400e-01
2193 2.29974100e-01
2194 2.29281200e-01
2195 2.34199800e-01
2196 2.29436600e-01
2197 2.28788700e-01
2198 2.36826100e-01
2199 2.33521100e-01
2200 2.31377300e-01
2201 2.34037000e-01
2202 2.30353600e-01
2203 2.32330700e-01
2204 2.33596500e-01
2205 2.30135700e-01
2206 2.28728000e-01
2207 2.33314200e-01
2208 2.37737800e-01
2209 2.34726300e-01
2210 2.32758000e-01
2211 2.33598900e-01
2212 2.30769200e-01
2213 2.29338800e-01
2214 2.31151000e-01
2215 2.33352300e-01
2216 2.29425900e-01
2217 2.33825700e-01
2218 2.30329300e-01
2219 2.32190000e-01
2220 2.29165900e-01
2221 2.37030100e-01
2222 2.30052500e-01
2223 2.30930500e-01
2224 2.30952100e-01
2225 2.10086400e-01
2226 1.82793400e-01
2227 2.20812200e-01
2228 2.30778500e-01
2229 2.31118800e-01
2230 2.35683100e-01
2231 2.32749800e-01
2232 2.27862300e-01
2233 2.31892700e-01
2234 2.35684100e-01
2235 2.29225600e-01
2236 2.30097100e-01
2237 2.34053300e-01
2238 2.30480400e-01
2239 2.34762200e-01
2240 2.30553300e-01
2241 2.32783000e-01
2242 2.31621200e-01
2243 2.32857800e-01
2244 2.31018200e-01
2245 2.31581500e-01
2246 2.27646600e-01
2247 2.33335900e-01
2248 2.29765900e-01
2249 2.31004800e-01
2250 2.29501000e-01
2251 2.34896700e-01
2252 2.33832300e-01
2253 2.36913400e-01
2254 2.31358200e-01
2255 2.30175700e-01
2256 2.35527400e-01
2257 2.31366900e-01
2258 2.30832800e-01
2259 2.32674700e-01
2260 2.27859700e-01
2261 2.31862200e-01
2262 2.31982600e-01
2263 2.32908000e-01
2264 2.29358700e-01
2265 2.31768500e-01
2266 2.29751000e-01
2267 2.32838800e-01
2268 2.31216900e-01
2269 2.32978300e-01
2270 2.30992400e-01
2271 2.35618100e-01
2272 2.32683600e-01
2273 2.33929400e-01
2274 2.34105100e-01
2275 2.30774500e-01
2276 2.28841800e-01
2277 2.33444400e-01
2278 2.30876800e-01
2279 2.31565900e-01
2280 2.28547700e-01
2281 2.33843600e-01
2282 2.28039000e-01
2283 2.29949500e-01
2284 2.29579100e-01
2285 2.29829100e-01
2286 2.29803800e-01
2287 2.27174600e-01
2288 2.36607400e-01
2289 2.29810900e-01
2290 2.32708400e-01
2291 2.31110400e-01
2292 2.29231700e-01
2293 2.31160700e-01
2294 2.32606800e-01
2295 2.33070500e-01
2296 2.28519200e-01
2297 2.33979200e-01
2298 2.33925600e-01
2299 2.34340800e-01
2300 2.29722300e-01
2301 2.30190600e-01
2302 2.31453100e-01
2303 2.35325900e-01
2304 2.36757600e-01
2305 2.30706700e-01
2306 2.30547700e-01
2307 2.30386900e-01
2308 2.34198700e-01
2309 2.31864600e-01
2310 2.28117000e-01
2311 2.29139900e-01
2312 2.34468900e-01
2313 2.28089900e-01
2314 2.30915600e-01
2315 2.30181300e-01
2316 2.33146800e-01
2317 2.33812600e-01
2318 2.31709600e-01
2319 2.32308700e-01
2320 2.29589300e-01
2321 2.38244600e-01
2322 2.27217700e-01
2323 2.30339600e-01
2324 2.31509700e-01
2325 2.31254600e-01
2326 2.29301200e-01
2327 2.31852300e-01
2328 2.15081900e-01
2329 2.02649200e-01
2330 1.89343200e-01
2331 2.28593200e-01
2332 2.18138100e-01
2333 2.21106400e-01
2334 2.22918100e-01
2335 2.21941800e-01
2336 2.19524000e-01
2337 2.22235900e-01
2338 2.32061900e-01
2339 2.30708800e-01
2340 2.33985500e-01
2341 2.29944600e-01
2342 2.29627500e-01
2343 2.30027900e-01
2344 2.24457300e-01
2345 2.25019100e-01
2346 2.27412300e-01
2347 2.27336000e-01
2348 2.29929400e-01
2349 2.31502000e-01
2350 2.31124700e-01
2351 2.27896000e-01
2352 2.33445800e-01
2353 2.29838000e-01
2354 2.33702000e-01
2355 2.31753400e-01
2356 2.31232600e-01
2357 2.29070300e-01
2358 2.29111500e-01
2359 2.32880400e-01
2360 2.36377800e-01
2361 2.33169100e-01
2362 2.31725400e-01
2363 2.30499000e-01
2364 2.29546400e-01
2365 2.32319400e-01
2366 2.30202400e-01
2367 2.29892200e-01
2368 2.30863100e-01
2369 2.33285500e-01
2370 2.28779000e-01
2371 2.33560700e-01
2372 2.33803200e-01
2373 2.35360700e-01
2374 2.30066800e-01
2375 2.30804700e-01
2376 2.31208400e-01
2377 2.32744300e-01
2378 2.31732100e-01
2379 2.31384900e-01
2380 2.28162200e-01
2381 2.30884300e-01
2382 2.43044000e-01
2383 2.37416200e-01
2384 2.40063800e-01
2385 2.31827600e-01
2386 2.33825900e-01
2387 2.35630300e-01
2388 2.30463900e-01
2389 2.30308600e-01
2390 2.32094400e-01
2391 2.26102800e-01
2392 2.21506500e-01
2393 2.25697600e-01
2394 2.25576800e-01
2395 2.26941900e-01
2396 2.25156900e-01
2397 2.27067300e-01
2398 2.26058100e-01
2399 2.29399400e-01
2400 2.26282400e-01
2401 2.26299700e-01
2402 2.33083700e-01
2403 2.25974100e-01
2404 2.25495700e-01
2405 2.26521400e-01
2406 2.25716400e-01
2407 2.27395100e-01
2408 2.28951200e-01
2409 2.26849200e-01
2410 2.25164200e-01
2411 2.25298600e-01
2412 2.25323300e-01
2413 2.29289200e-01
2414 2.21941600e-01
2415 1.79489300e-01
2416 1.95009500e-01
2417 1.96500200e-01
2418 2.24394000e-01
2419 2.27434100e-01
2420 2.26608900e-01
2421 2.26412800e-01
2422 2.27906300e-01
2423 2.24600100e-01
2424 2.27111600e-01
2425 2.29123400e-01
2426 2.30737700e-01
2427 2.29676200e-01
2428 2.26626800e-01
2429 2.26865300e-01
2430 2.28701600e-01
2431 2.24508900e-01
2432 2.26276700e-01
2433 2.25127800e-01
2434 2.26900200e-01
2435 2.26241100e-01
2436 2.27592300e-01
2437 2.25580900e-01
2438 2.26016700e-01
2439 2.27213600e-01
2440 2.32195900e-01
2441 2.25371700e-01
2442 2.27016300e-01
2443 2.24189100e-01
2444 2.22970500e-01
2445 2.20731000e-01
2446 2.29211000e-01
2447 2.26564700e-01
2448 2.27606700e-01
2449 2.26017800e-01
2450 2.26925000e-01
2451 2.25642900e-01
2452 2.27991500e-01
2453 2.32094900e-01
2454 2.27718600e-01
2455 2.29912600e-01
2456 2.24161500e-01
2457 2.25413000e-01
2458 2.25263000e-01
2459 2.31113200e-01
2460 2.26419500e-01
2461 2.26936900e-01
2462 2.27748300e-01
2463 2.25814600e-01
2464 2.27684900e-01
2465 2.24996500e-01
2466 2.27314200e-01
2467 2.25495200e-01
2468 2.25478600e-01
2469 2.24205100e-01
2470 2.28777200e-01
2471 2.26402100e-01
2472 2.32927000e-01
2473 2.25254400e-01
2474 2.26815300e-01
2475 2.24076100e-01
2476 2.22900400e-01
2477 2.26685700e-01
2478 2.23438300e-01
2479 2.27236800e-01
2480 2.26603000e-01
2481 2.26950100e-01
2482 2.25434000e-01
2483 2.25742400e-01
2484 2.29657200e-01
2485 2.26562400e-01
2486 2.26522600e-01
2487 2.26871900e-01
2488 2.30024200e-01
2489 2.26561400e-01
2490 2.28098900e-01
2491 2.25080600e-01
2492 2.26539800e-01
2493 2.27227600e-01
2494 2.25273500e-01
2495 2.25889800e-01
2496 2.26861000e-01
2497 2.28783900e-01
2498 2.25883200e-01
2499 2.26650000e-01
2500 2.26635500e-01
2501 2.26264000e-01
2502 2.30801300e-01
2503 2.24580800e-01
2504 2.25902800e-01
2505 2.24138400e-01
2506 2.28004800e-01
2507 2.27020400e-01
2508 2.26799600e-01
2509 2.53913000e-01
2510 2.45536600e-01
2511 2.26200200e-01
2512 2.39267100e-01
2513 2.31069500e-01
2514 2.30066600e-01
2515 2.32864600e-01
2516 2.32600800e-01
2517 2.29552400e-01
2518 2.29459600e-01
2519 2.29459800e-01
2520 2.30661700e-01
2521 2.28147600e-01
2522 2.26070800e-01
2523 2.24706100e-01
2524 2.28236800e-01
2525 2.26701800e-01
2526 2.26691300e-01
2527 2.26958000e-01
2528 2.25563000e-01
2529 2.33065500e-01
2530 2.26365800e-01
2531 2.24557900e-01
2532 2.27708500e-01
2533 2.26982300e-01
2534 2.28866200e-01
2535 2.25157200e-01
2536 2.28217200e-01
2537 2.26080600e-01
2538 2.24888400e-01
2539 2.23665800e-01
2540 2.27232200e-01
2541 2.26517200e-01
2542 2.29281500e-01
2543 2.25705600e-01
2544 2.27867000e-01
2545 2.26396400e-01
2546 2.26164100e-01
2547 2.25435200e-01
2548 2.28894700e-01
2549 2.27593200e-01
2550 2.26024500e-01
2551 2.26544900e-01
2552 2.17109400e-01
2553 2.26608200e-01
2554 2.29355700e-01
2555 2.30234000e-01
2556 2.26048000e-01
2557 2.23657800e-01
2558 2.29798400e-01
2559 2.28292200e-01
2560 2.25621100e-01
2561 2.25200800e-01
2562 2.26246700e-01
2563 2.26152700e-01
2564 2.26544400e-01
2565 2.28305500e-01
2566 2.27873800e-01
2567 2.32811600e-01
2568 2.35368400e-01
2569 2.60262500e-01
2570 2.49239800e-01
2571 2.48142400e-01
2572 2.31964600e-01
2573 2.32750300e-01
2574 2.26348500e-01
2575 2.26796500e-01
2576 2.32211000e-01
2577 2.28972400e-01
2578 2.26026000e-01
2579 2.31267300e-01
2580 2.32133500e-01
2581 2.31464100e-01
2582 2.26601600e-01
2583 2.26960800e-01
2584 2.27604900e-01
2585 2.24883100e-01
2586 2.25469300e-01
2587 2.49838900e-01
2588 2.39185900e-01
2589 2.31537500e-01
2590 2.38205400e-01
2591 2.29936100e-01
2592 2.30436700e-01
2593 2.28594800e-01
2594 2.26704200e-01
2595 2.27463900e-01
2596 2.29584500e-01
2597 2.30918100e-01
2598 2.27572100e-01
2599 2.26004000e-01
2600 2.33234800e-01
2601 2.31329000e-01
2602 2.29020700e-01
2603 2.26540500e-01
2604 2.28598600e-01
2605 2.27153700e-01
2606 2.24854800e-01
2607 2.36488500e-01
2608 2.25373500e-01
2609 2.36407900e-01
2610 2.31137700e-01
2611 2.26779500e-01
2612 2.25584500e-01
2613 2.29550600e-01
2614 2.26281700e-01
2615 2.27363700e-01
2616 2.34134600e-01
2617 2.27194300e-01
2618 2.26974600e-01
2619 2.29471000e-01
2620 2.28514000e-01
2621 2.23615200e-01
2622 2.32323000e-01
2623 2.31052800e-01
2624 2.21999500e-01
2625 2.43387800e-01
2626 2.23006400e-01
2627 2.28402800e-01
2628 2.27985600e-01
2629 2.35436900e-01
2630 2.33874300e-01
2631 2.34488000e-01
2632 2.18009700e-01
2633 2.19859400e-01
2634 2.16965700e-01
2635 2.13026100e-01
2636 2.16007900e-01
2637 2.20136300e-01
2638 2.22665200e-01
2639 2.22034900e-01
2640 2.26215400e-01
2641 2.23201000e-01
2642 2.26907900e-01
2643 2.18507900e-01
2644 2.18964600e-01
2645 2.16411500e-01
2646 2.18920400e-01
2647 2.15472300e-01
2648 2.18787300e-01
2649 2.22276200e-01
2650 2.37519000e-01
2651 2.29793800e-01
2652 2.24069600e-01
2653 2.22393600e-01
2654 2.23271500e-01
2655 2.24332400e-01
2656 2.25471600e-01
2657 2.26443200e-01
2658 2.20435500e-01
2659 2.21467500e-01
2660 2.17280200e-01
2661 2.31258600e-01
2662 2.25520200e-01
2663 2.25077600e-01
2664 2.29004800e-01
2665 2.37002900e-01
2666 2.33863200e-01
2667 2.42188700e-01
2668 2.30955500e-01
2669 2.31576400e-01
2670 2.29249200e-01
2671 2.30893900e-01
2672 2.26411600e-01
2673 2.21341100e-01
2674 2.16750500e-01
2675 2.22548800e-01
2676 2.23960600e-01
2677 2.18883900e-01
2678 2.15773100e-01
2679 2.15918300e-01
2680 2.25928200e-01
2681 2.23674800e-01
2682 2.34775900e-01
2683 2.28473300e-01
2684 2.24851200e-01
2685 2.21172900e-01
2686 2.18994400e-01
2687 2.17188900e-01
2688 2.15323700e-01
2689 2.24567400e-01
2690 2.37556200e-01
2691 2.39524400e-01
2692 2.40571600e-01
2693 2.36046800e-01
2694 2.24795100e-01
2695 2.27195600e-01
2696 2.33643800e-01
2697 2.25299200e-01
2698 2.19414600e-01
2699 2.21839800e-01
2700 2.23549700e-01
2701 2.23801200e-01
2702 2.18196700e-01
2703 2.18184200e-01
2704 2.17723400e-01
2705 2.17256800e-01
2706 2.19138200e-01
2707 2.20877400e-01
2708 2.23986500e-01
2709 2.18970600e-01
2710 2.20549700e-01
2711 2.21312400e-01
2712 2.17236500e-01
2713 2.19207300e-01
2714 2.16524200e-01
2715 2.14768400e-01
2716 2.13791000e-01
2717 2.16295300e-01
2718 2.16358900e-01
2719 2.14465800e-01
2720 2.14387300e-01
2721 2.15866700e-01
2722 2.17359200e-01
2723 2.23255000e-01
2724 2.18594300e-01
2725 2.16387600e-01
2726 2.16745300e-01
2727 2.16286500e-01
2728 2.16394400e-01
2729 2.16853800e-01
2730 2.16474800e-01
2731 2.17253100e-01
2732 2.14821200e-01
2733 2.18091300e-01
2734 2.19971700e-01
2735 2.19337200e-01
2736 2.18218900e-01
2737 2.18002700e-01
2738 2.15869600e-01
2739 2.21929600e-01
2740 2.26769800e-01
2741 2.22906200e-01
2742 2.23786700e-01
2743 2.30505900e-01
2744 2.21664700e-01
2745 2.23843700e-01
2746 2.20836100e-01
2747 2.16259600e-01
2748 2.14261600e-01
2749 2.17322700e-01
2750 2.14147100e-01
2751 2.15420100e-01
2752 2.14184300e-01
2753 2.15335600e-01
2754 2.18466900e-01
2755 2.17716000e-01
2756 2.16074300e-01
2757 2.18861900e-01
2758 2.20366700e-01
2759 2.27723800e-01
2760 2.15217900e-01
2761 2.14829500e-01
2762 2.18808100e-01
2763 2.28775800e-01
2764 2.28154700e-01
2765 2.42920500e-01
2766 2.22844200e-01
2767 2.24156100e-01
2768 2.20140700e-01
2769 2.16395300e-01
2770 2.16784300e-01
2771 2.24902000e-01
2772 2.15980600e-01
2773 2.07663000e-01
2774 2.15584100e-01
2775 2.26322900e-01
2776 2.18041200e-01
2777 2.19181300e-01
2778 2.18000200e-01
2779 2.19519200e-01
2780 2.23452600e-01
2781 2.21939300e-01
2782 2.18032000e-01
2783 2.18136200e-01
2784 2.29846400e-01
2785 2.15984800e-01
2786 2.16273200e-01
2787 2.24069600e-01
2788 2.18035400e-01
2789 2.26524900e-01
2790 2.20920200e-01
2791 2.12077900e-01
2792 2.16347500e-01
2793 2.25159000e-01
2794 2.25402700e-01
2795 2.25335900e-01
2796 2.19678000e-01
2797 2.19487700e-01
2798 1.94387100e-01
2799 1.76510600e-01
2800 1.79542900e-01
2801 1.66796600e-01
2802 2.92787700e-01
2803 1.71024100e-01
2804 1.61344400e-01
2805 1.64945000e-01
2806 1.69818800e-01
2807 1.79600100e-01
2808 1.72583300e-01
2809 1.74084100e-01
2810 1.62779800e-01
2811 1.69493300e-01
2812 1.63710000e-01
2813 1.82444100e-01
2814 3.47363800e-01
2815 2.37303600e-01
2816 1.65769200e-01
2817 1.60908000e-01
2818 1.65224000e-01
2819 1.62154500e-01
2820 1.64356400e-01
2821 1.68067200e-01
2822 1.60324500e-01
2823 1.61943900e-01
2824 1.60309900e-01
2825 1.64000800e-01
2826 1.60134700e-01
2827 1.67288400e-01
2828 1.67437900e-01
2829 1.61190300e-01
2830 1.60587100e-01
2831 1.60584800e-01
2832 1.61226900e-01
2833 1.67436600e-01
2834 1.89682800e-01
2835 2.18927400e-01
2836 2.05685500e-01
2837 2.16479100e-01
2838 2.03448400e-01
2839 1.96107900e-01
2840 2.16714800e-01
2841 2.01038900e-01
2842 2.15414900e-01
2843 2.10941700e-01
2844 2.14904400e-01
2845 2.13426000e-01
2846 2.04991300e-01
2847 2.07125700e-01
2848 2.10700000e-01
2849 2.00050600e-01
2850 2.21872100e-01
2851 2.18180800e-01
2852 2.10738700e-01
2853 2.08179100e-01
2854 2.00999600e-01
2855 2.00838600e-01
2856 1.99133600e-01
2857 2.17819500e-01
2858 2.06517700e-01
2859 2.05713800e-01
2860 2.28377300e-01
2861 2.29656100e-01
2862 2.29779200e-01
2863 2.57450100e-01
2864 2.22332600e-01
2865 2.63919200e-01
2866 2.48632800e-01
2867 2.35740500e-01
2868 2.64071700e-01
2869 2.60789700e-01
2870 2.51832700e-01
2871 2.56938600e-01
2872 2.53536400e-01
2873 2.39243600e-01
2874 2.51575700e-01
2875 2.46292600e-01
2876 2.29717600e-01
2877 2.67158600e-01
2878 2.31904600e-01
2879 2.52430500e-01
2880 2.44473200e-01
2881 2.31068500e-01
2882 2.39434200e-01
2883 2.46183500e-01
2884 2.51303100e-01
2885 2.36238100e-01
2886 2.40886300e-01
2887 2.41291100e-01
2888 2.63661100e-01
2889 2.38262600e-01
2890 2.51838300e-01
2891 2.46429700e-01
2892 2.39088900e-01
2893 2.38908800e-01
2894 2.39178400e-01
2895 2.35756900e-01
2896 2.37862400e-01
2897 2.37171800e-01
2898 2.59374000e-01
2899 2.38779000e-01
2900 2.39087700e-01
2901 2.52551900e-01
2902 2.52672000e-01
2903 2.60662500e-01
2904 2.59753300e-01
2905 2.59189700e-01
2906 2.66366800e-01
2907 2.70565500e-01
2908 2.40082300e-01
2909 2.36635500e-01
2910 2.30295700e-01
2911 2.52031900e-01
2912 2.42745200e-01
2913 2.38052200e-01
2914 2.43225200e-01
2915 2.37934800e-01
2916 2.36436400e-01
2917 2.29182700e-01
2918 2.41986600e-01
2919 2.62154100e-01
2920 2.47789300e-01
2921 2.40863100e-01
2922 2.38498300e-01
2923 2.38307700e-01
2924 2.39613900e-01
2925 2.54391000e-01
2926 2.43367200e-01
2927 2.52420400e-01
2928 2.41148600e-01
2929 2.35208100e-01
2930 2.38249100e-01
2931 2.42547900e-01
2932 2.26339300e-01
2933 2.40129400e-01
2934 2.39225700e-01
2935 2.38738100e-01
2936 2.57565900e-01
2937 2.41599200e-01
2938 2.68279300e-01
2939 2.60431000e-01
2940 2.46061800e-01
2941 2.49152500e-01
2942 2.43568200e-01
2943 2.37439800e-01
2944 2.30254000e-01
2945 2.35409100e-01
2946 2.39084900e-01
2947 2.37883500e-01
2948 2.56841200e-01
2949 2.47554200e-01
2950 2.47235800e-01
2951 2.47370700e-01
2952 2.39931200e-01
2953 2.39808900e-01
2954 2.41124400e-01
2955 2.39140100e-01
2956 2.40992200e-01
2957 2.42050800e-01
2958 2.38693200e-01
2959 2.38503100e-01
2960 2.38811100e-01
2961 2.39760700e-01
2962 2.36697700e-01
2963 2.34721300e-01
2964 2.38203300e-01
2965 2.39639600e-01
2966 2.38574000e-01
2967 2.37142200e-01
2968 2.42022800e-01
2969 2.38345800e-01
2970 2.38158000e-01
2971 2.38410100e-01
2972 2.40670000e-01
2973 2.40397300e-01
2974 2.39607900e-01
2975 2.41205400e-01
2976 2.39553900e-01
2977 2.43337200e-01
2978 2.38232500e-01
2979 2.39241800e-01
2980 2.40420800e-01
2981 2.40803600e-01
2982 2.38892700e-01
2983 2.36363400e-01
2984 2.36597000e-01
2985 2.44984900e-01
2986 2.35248300e-01
2987 2.40498200e-01
2988 2.39841700e-01
2989 2.66701000e-01
2990 2.62311100e-01
2991 2.57415100e-01
2992 2.58998200e-01
2993 2.60584900e-01
2994 2.59324000e-01
2995 2.55776100e-01
2996 2.55392200e-01
2997 2.60655500e-01
2998 2.54882400e-01
2999 2.57297700e-01
3000 2.60434600e-01
3001 2.60625400e-01
3002 2.56896200e-01
3003 2.56017600e-01
3004 2.59299800e-01
3005 2.58578600e-01
3006 2.57748400e-01
3007 2.56472800e-01
3008 2.57611900e-01
3009 2.60755300e-01
3010 2.56069300e-01
3011 2.56334700e-01
3012 2.60759600e-01
3013 2.60514300e-01
3014 2.59039500e-01
3015 2.57249300e-01
3016 2.58480000e-01
3017 2.58666100e-01
3018 2.57346800e-01
3019 2.58722300e-01
3020 2.58583000e-01
3021 2.56015900e-01
3022 2.56673000e-01
3023 2.57471100e-01
3024 2.59980000e-01
3025 2.52412200e-01
3026 2.57980700e-01
3027 2.58858600e-01
3028 2.58125300e-01
3029 2.59384800e-01
3030 2.53481000e-01
3031 2.58076100e-01
3032 2.59831100e-01
3033 2.53425500e-01
3034 2.57359000e-01
3035 2.58445400e-01
3036 2.57519600e-01
3037 2.55617500e-01
3038 2.58019600e-01
3039 2.59067400e-01
3040 2.58976700e-01
3041 2.56465600e-01
3042 2.60713500e-01
3043 2.57109900e-01
3044 2.54250800e-01
3045 2.58632100e-01
3046 2.58791700e-01
3047 2.57008100e-01
3048 2.61305600e-01
3049 2.56681200e-01
3050 2.57387700e-01
3051 2.60059400e-01
3052 2.54609100e-01
3053 2.57171700e-01
3054 2.60918700e-01
3055 2.58872800e-01
3056 2.58967100e-01
3057 2.58276900e-01
3058 2.57890200e-01
3059 2.61218800e-01
3060 2.50476800e-01
3061 2.57600100e-01
3062 2.55602100e-01
3063 2.57452700e-01
3064 2.57191700e-01
3065 2.59066400e-01
3066 2.55168400e-01
3067 2.69943100e-01
3068 2.58868500e-01
3069 2.56726300e-01
3070 2.59346400e-01
3071 2.59187400e-01
3072 2.57959700e-01
3073 2.57140800e-01
3074 2.51928400e-01
3075 2.55492000e-01
3076 2.58959400e-01
3077 2.59565900e-01
3078 2.61247400e-01
3079 2.56865500e-01
3080 2.57555900e-01
3081 2.58559600e-01
3082 2.61133600e-01
3083 2.57280500e-01
3084 2.59366400e-01
3085 2.54687400e-01
3086 2.56644400e-01
3087 2.57423400e-01
3088 2.52702900e-01
3089 2.57844200e-01
3090 2.58356300e-01
3091 2.57605700e-01
3092 2.55071500e-01
3093 2.55836900e-01
3094 2.58971400e-01
3095 2.53669600e-01
3096 2.52535900e-01
3097 2.55144000e-01
3098 2.61339400e-01
3099 2.59347000e-01
3100 2.48045500e-01
3101 2.55613600e-01
3102 2.61780300e-01
3103 2.55355500e-01
3104 2.57939900e-01
3105 2.62743200e-01
3106 2.58947800e-01
3107 2.55274000e-01
3108 2.56126100e-01
3109 2.57694000e-01
3110 2.62761800e-01
3111 2.59112100e-01
3112 2.55981500e-01
3113 2.56606300e-01
3114 2.56848100e-01
3115 2.59599100e-01
3116 2.53446100e-01
3117 2.58613900e-01
3118 2.57906800e-01
3119 2.57416900e-01
3120 2.31214900e-01
3121 2.51753700e-01
3122 2.59745500e-01
3123 2.59833300e-01
3124 2.56263800e-01
3125 2.59442800e-01
3126 2.57312200e-01
3127 2.56534200e-01
3128 2.57368300e-01
3129 2.58359900e-01
3130 2.55477300e-01
3131 2.53068400e-01
3132 2.17824100e-01
3133 2.50082100e-01
3134 2.55906900e-01
3135 2.58842400e-01
3136 2.57378700e-01
3137 2.55854500e-01
3138 2.59448500e-01
3139 2.59514400e-01
3140 2.56852800e-01
3141 2.58777600e-01
3142 2.56260000e-01
3143 2.56003300e-01
3144 2.57109400e-01
3145 2.58445900e-01
3146 2.56799200e-01
3147 2.57685100e-01
3148 2.59567100e-01
3149 2.61270700e-01
3150 2.55549800e-01
3151 2.57047100e-01
3152 2.55551900e-01
3153 2.57724300e-01
3154 2.56404100e-01
3155 2.56718400e-01
3156 2.57895400e-01
3157 2.59102700e-01
3158 2.53990800e-01
3159 2.57753900e-01
3160 2.51936000e-01
3161 2.47018000e-01
3162 2.53044000e-01
3163 2.53650700e-01
3164 2.55061700e-01
3165 2.57200000e-01
3166 2.54202100e-01
3167 2.56060500e-01
3168 2.57434900e-01
3169 2.57397800e-01
3170 2.56432400e-01
3171 2.58216000e-01
3172 2.58541100e-01
3173 2.55361400e-01
3174 2.55380600e-01
3175 2.55661500e-01
3176 2.56239300e-01
3177 2.56489000e-01
3178 2.56145600e-01
3179 2.53176600e-01
3180 2.58512700e-01
3181 2.57272300e-01
3182 2.56003700e-01
3183 2.55940500e-01
3184 2.55579900e-01
3185 2.56716400e-01
3186 2.56411300e-01
3187 2.55704300e-01
3188 2.60122400e-01
3189 2.56572000e-01
3190 2.57600900e-01
3191 2.60362700e-01
3192 2.55938600e-01
3193 2.55840300e-01
3194 2.57676600e-01
3195 2.57609600e-01
3196 2.54011700e-01
3197 2.55546700e-01
3198 2.56784600e-01
3199 2.57465500e-01
3200 2.57754400e-01
3201 2.59126200e-01
3202 2.59967700e-01
3203 2.49220000e-01
3204 2.62394400e-01
3205 2.53884400e-01
3206 2.47673700e-01
3207 2.58035400e-01
3208 2.57984000e-01
3209 2.57036400e-01
3210 2.57988100e-01
3211 2.57093600e-01
3212 2.54932500e-01
3213 2.58606900e-01
3214 2.57798300e-01
3215 2.57729300e-01
3216 2.59793200e-01
3217 2.62376000e-01
3218 2.57084300e-01
3219 2.58043900e-01
3220 2.57168800e-01
3221 2.57359200e-01
3222 2.59174200e-01
3223 2.58799100e-01
3224 2.54436500e-01
3225 2.58011600e-01
3226 2.58305500e-01
3227 2.60145500e-01
3228 2.57751600e-01
3229 2.58034500e-01
3230 2.56778600e-01
3231 2.60606400e-01
3232 2.57451200e-01
3233 2.55470900e-01
3234 2.53420600e-01
3235 2.58383600e-01
3236 2.58530700e-01
3237 2.56603300e-01
3238 2.57689300e-01
3239 2.37382300e-01
3240 2.35819900e-01
3241 2.54345700e-01
3242 2.56403300e-01
3243 2.55675100e-01
3244 2.56563300e-01
3245 2.53489000e-01
3246 2.56187900e-01
3247 2.56516300e-01
3248 2.53143900e-01
3249 2.55107700e-01
3250 2.58237800e-01
3251 2.56654400e-01
3252 2.58533300e-01
3253 2.59488800e-01
3254 2.56315700e-01
3255 2.56709700e-01
3256 2.55658900e-01
3257 2.57928800e-01
3258 2.60509600e-01
3259 2.56070600e-01
3260 2.55249600e-01
3261 2.49283400e-01
3262 2.58948100e-01
3263 2.58488400e-01
3264 2.54243300e-01
3265 2.57168800e-01
3266 2.60944600e-01
3267 2.73615600e-01
3268 2.64414600e-01
3269 2.58685900e-01
3270 2.59592200e-01
3271 2.57393500e-01
3272 2.57578100e-01
3273 2.59826500e-01
3274 2.60194000e-01
3275 2.56453400e-01
3276 2.58085600e-01
3277 2.58016000e-01
3278 2.58270000e-01
3279 2.66256300e-01
3280 2.86827000e-01
3281 2.68890900e-01
3282 2.61384500e-01
3283 2.42095800e-01
3284 2.62138100e-01
3285 2.67151900e-01
3286 2.63814300e-01
3287 2.56965900e-01
3288 2.64096800e-01
3289 2.65842900e-01
3290 2.46023800e-01
3291 2.57886400e-01
3292 2.65897000e-01
3293 2.56355600e-01
3294 2.64482600e-01
3295 2.63246200e-01
3296 2.64258300e-01
3297 2.58661800e-01
3298 2.65428100e-01
3299 2.68819900e-01
3300 2.71853000e-01
3301 2.57375500e-01
3302 2.62283500e-01
3303 2.47639500e-01
3304 2.45438500e-01
3305 2.60054900e-01
3306 2.56111500e-01
3307 2.67241800e-01
3308 2.57189200e-01
3309 2.57163300e-01
3310 2.57894200e-01
3311 2.61552500e-01
3312 2.58076100e-01
3313 2.56212600e-01
3314 2.53227300e-01
3315 2.47506300e-01
3316 2.51399200e-01
3317 2.58210500e-01
3318 2.80026500e-01
3319 2.63904100e-01
3320 2.60229500e-01
3321 2.56474700e-01
3322 2.59534800e-01
3323 2.53003000e-01
3324 2.55471500e-01
3325 2.56350600e-01
3326 2.57944400e-01
3327 2.56506400e-01
3328 2.47796000e-01
3329 2.79940600e-01
3330 2.66080900e-01
3331 2.70790300e-01
3332 2.64584100e-01
3333 2.61779300e-01
3334 2.72720000e-01
3335 2.57136300e-01
3336 2.60435900e-01
3337 2.57374800e-01
3338 2.56325700e-01
3339 2.56711700e-01
3340 2.55977600e-01
3341 2.55625100e-01
3342 2.57305400e-01
3343 2.43881400e-01
3344 2.66474200e-01
3345 2.43591600e-01
3346 2.56799600e-01
3347 2.42230700e-01
3348 2.37228100e-01
3349 2.38389400e-01
3350 2.40031300e-01
3351 2.35675000e-01
3352 2.38344400e-01
3353 2.41032900e-01
3354 2.43175800e-01
3355 2.52576400e-01
3356 2.44145700e-01
3357 2.35984600e-01
3358 2.33572000e-01
3359 2.34180000e-01
3360 2.38759900e-01
3361 2.25367000e-01
3362 2.48926200e-01
3363 2.29834600e-01
3364 2.41088000e-01
3365 2.28033900e-01
3366 2.37572100e-01
3367 2.41754900e-01
3368 2.39068300e-01
3369 2.49378600e-01
3370 2.57759100e-01
3371 2.43204700e-01
3372 2.39109400e-01
3373 2.39374500e-01
3374 2.41112600e-01
3375 2.34892000e-01
3376 2.70891900e-01
3377 2.37744100e-01
3378 2.41160500e-01
3379 2.36668700e-01
3380 2.39368900e-01
3381 2.37535400e-01
3382 2.38457500e-01
3383 2.37072900e-01
3384 2.38699800e-01
3385 2.36130100e-01
3386 2.37488000e-01
3387 2.38629000e-01
3388 2.37234000e-01
3389 2.39208100e-01
3390 2.38803100e-01
3391 2.39686500e-01
3392 2.35565700e-01
3393 2.39985500e-01
3394 2.42416700e-01
3395 2.36297300e-01
3396 2.48257000e-01
3397 2.42995900e-01
3398 2.37294000e-01
3399 2.54841800e-01
3400 2.37692700e-01
3401 2.40236800e-01
3402 2.38842900e-01
3403 2.38400200e-01
3404 2.37050700e-01
3405 2.40235200e-01
3406 2.36419100e-01
3407 2.39413400e-01
3408 2.38023300e-01
3409 2.32944200e-01
3410 2.36887300e-01
3411 2.41226600e-01
3412 2.38023100e-01
3413 2.40326700e-01
3414 2.37518900e-01
3415 2.37784100e-01
3416 2.36543700e-01
3417 2.37724600e-01
3418 2.37721800e-01
3419 2.39448800e-01
3420 2.38153200e-01
3421 2.43979900e-01
3422 2.40101300e-01
3423 2.43138100e-01
3424 2.38180100e-01
3425 2.27930600e-01
3426 2.39720000e-01
3427 2.37012700e-01
3428 2.38508800e-01
3429 2.35448500e-01
3430 2.37254500e-01
3431 2.39684100e-01
3432 2.57799500e-01
3433 2.59660500e-01
3434 2.50943300e-01
3435 2.53662600e-01
3436 2.58345200e-01
3437 2.53331500e-01
3438 2.57556400e-01
3439 2.57878300e-01
3440 2.58440000e-01
3441 2.55958000e-01
3442 2.57288900e-01
3443 2.57816000e-01
3444 2.54358100e-01
3445 2.53688800e-01
3446 2.55898000e-01
3447 2.58734700e-01
3448 2.55129700e-01
3449 2.56580000e-01
3450 2.58292300e-01
3451 2.55302100e-01
3452 2.56850300e-01
3453 2.55746700e-01
3454 2.57773500e-01
3455 2.55608900e-01
3456 2.57442100e-01
3457 2.55824700e-01
3458 2.58182400e-01
3459 2.58210400e-01
3460 2.55910900e-01
3461 2.49319500e-01
3462 2.60169400e-01
3463 2.60151000e-01
3464 2.48843900e-01
3465 2.57931800e-01
3466 2.60476900e-01
3467 2.57132900e-01
3468 2.54288400e-01
3469 2.60181800e-01
3470 2.57601300e-01
3471 2.52608600e-01
3472 2.52151200e-01
3473 2.48221700e-01
3474 2.40427100e-01
3475 2.47377300e-01
3476 2.42243700e-01
3477 2.55190900e-01
3478 2.38541500e-01
3479 2.56208100e-01
3480 2.54814400e-01
3481 2.58900400e-01
3482 2.59858600e-01
3483 2.54675400e-01
3484 2.58423100e-01
3485 2.53921600e-01
3486 2.54975200e-01
3487 2.57003700e-01
3488 2.56017600e-01
3489 2.56725800e-01
3490 2.57899200e-01
3491 2.57273100e-01
3492 2.57402500e-01
3493 2.51880300e-01
3494 2.56062100e-01
3495 2.57066700e-01
3496 2.56244500e-01
3497 2.58040400e-01
3498 2.58434900e-01
3499 2.57109400e-01
3500 2.56949000e-01
3501 2.56056900e-01
3502 2.58351900e-01
3503 2.55228000e-01
3504 2.55537700e-01
3505 2.56730400e-01
3506 2.50293100e-01
3507 2.56298000e-01
3508 2.52853800e-01
3509 2.43823400e-01
3510 2.45443900e-01
3511 2.47770100e-01
3512 2.56182700e-01
3513 2.55527600e-01
3514 2.62891400e-01
3515 2.58846200e-01
3516 2.52259500e-01
3517 2.38087500e-01
3518 2.36547900e-01
3519 2.38484200e-01
3520 2.38830000e-01
3521 2.51054600e-01
3522 2.51371600e-01
3523 2.45417500e-01
3524 2.44423700e-01
3525 2.52884600e-01
3526 2.40687200e-01
3527 2.38056500e-01
3528 2.43621900e-01
3529 2.42286400e-01
3530 2.39636500e-01
3531 2.38566100e-01
3532 2.38101100e-01
3533 2.58938200e-01
3534 2.58454600e-01
3535 2.53808800e-01
3536 2.54717000e-01
3537 2.58519900e-01
3538 2.58025400e-01
3539 2.54501500e-01
3540 2.56330000e-01
3541 2.57732300e-01
3542 2.58222500e-01
3543 2.54920800e-01
3544 2.65044300e-01
3545 2.58172600e-01
3546 2.56631600e-01
3547 2.56165800e-01
3548 2.58469600e-01
3549 2.57776700e-01
3550 2.59212400e-01
3551 2.58695200e-01
3552 2.56860900e-01
3553 2.65237700e-01
3554 2.49946500e-01
3555 2.57976600e-01
3556 2.61818400e-01
3557 2.58048300e-01
3558 2.55194000e-01
3559 2.58675500e-01
3560 2.59275300e-01
3561 2.57872300e-01
3562 2.56319500e-01
3563 2.41520100e-01
3564 2.38553100e-01
3565 2.36186600e-01
3566 2.57063600e-01
3567 2.42322800e-01
3568 2.66292000e-01
3569 2.54318000e-01
3570 2.57746300e-01
3571 2.58592300e-01
3572 2.56974000e-01
3573 2.53299100e-01
3574 2.56465700e-01
3575 2.55252400e-01
3576 2.56310700e-01
3577 2.42769500e-01
3578 2.55332800e-01
3579 2.38905500e-01
3580 2.42063000e-01
3581 2.43754500e-01
3582 2.39892900e-01
3583 2.57099400e-01
3584 2.56677400e-01
3585 2.56144800e-01
3586 2.57914200e-01
3587 2.59350300e-01
3588 2.59422000e-01
3589 2.57897300e-01
3590 2.58271000e-01
3591 2.55861500e-01
3592 2.44422300e-01
3593 2.50802600e-01
3594 2.40323700e-01
3595 2.31598200e-01
3596 2.33910000e-01
3597 2.38220600e-01
3598 2.38556400e-01
3599 2.38994700e-01
3600 2.37833600e-01
3601 2.37715300e-01
3602 2.35942700e-01
3603 2.44165700e-01
3604 2.47032700e-01
3605 2.39286000e-01
3606 2.37806800e-01
3607 2.36914300e-01
3608 2.39235600e-01
3609 2.42722200e-01
3610 2.37934100e-01
3611 2.39350300e-01
3612 2.37058500e-01
3613 2.39717200e-01
3614 2.36422800e-01
3615 2.50571800e-01
3616 2.56022500e-01
3617 2.41908900e-01
3618 2.37997200e-01
3619 2.39124200e-01
3620 2.37230300e-01
3621 2.37970900e-01
3622 2.36764600e-01
3623 2.36292100e-01
3624 2.36691700e-01
3625 2.37229800e-01
3626 2.36078200e-01
3627 2.37144800e-01
3628 2.35660600e-01
3629 2.40039500e-01
3630 2.39670100e-01
3631 2.38705200e-01
3632 2.36791100e-01
3633 2.36993600e-01
3634 2.38897300e-01
3635 2.55243500e-01
3636 2.42676500e-01
3637 2.55263900e-01
3638 2.57470000e-01
3639 2.57107100e-01
3640 2.58505400e-01
3641 2.60587800e-01
3642 2.60510300e-01
3643 2.60523600e-01
3644 2.56822900e-01
3645 2.32090700e-01
3646 2.32400100e-01
3647 2.54649300e-01
3648 2.33279800e-01
3649 2.56146200e-01
3650 2.33277100e-01
3651 2.37688800e-01
3652 2.38446400e-01
3653 2.39586300e-01
3654 2.33740200e-01
3655 2.36459800e-01
3656 2.38422100e-01
3657 2.37214600e-01
3658 2.40485100e-01
3659 2.50029300e-01
3660 2.39932500e-01
3661 2.37236700e-01
3662 2.31618300e-01
3663 2.37297000e-01
3664 2.32568900e-01
3665 2.39313600e-01
3666 2.58155700e-01
3667 2.38933400e-01
3668 2.30942000e-01
3669 2.39337400e-01
3670 2.57087100e-01
3671 2.45842600e-01
3672 2.39010600e-01
3673 2.38408200e-01
3674 2.39338200e-01
3675 2.40021200e-01
3676 2.39404500e-01
3677 2.44941200e-01
3678 2.58949400e-01
3679 2.58441300e-01
3680 2.60498100e-01
3681 2.55754000e-01
3682 2.47116900e-01
3683 2.57365000e-01
3684 2.57630700e-01
3685 2.57491300e-01
3686 2.55461400e-01
3687 2.61869300e-01
3688 2.56787000e-01
3689 2.59871700e-01
3690 2.57699000e-01
3691 2.59959600e-01
3692 2.56858600e-01
3693 2.57977800e-01
3694 2.59283900e-01
3695 2.58664500e-01
3696 2.58379700e-01
3697 2.56183200e-01
3698 2.51028600e-01
3699 2.58621700e-01
3700 2.58660000e-01
3701 2.53349200e-01
3702 2.55556100e-01
3703 2.60867800e-01
3704 2.58325700e-01
3705 2.57882000e-01
3706 2.48786300e-01
3707 2.54325100e-01
3708 2.53970100e-01
3709 2.60098100e-01
3710 2.58127900e-01
3711 2.59739300e-01
3712 2.63024300e-01
3713 2.57526000e-01
3714 2.57048900e-01
3715 2.57441700e-01
3716 2.55433900e-01
3717 2.57733000e-01
3718 2.60464700e-01
3719 2.56950700e-01
3720 2.56040200e-01
3721 2.57699800e-01
3722 2.57133800e-01
3723 2.58530100e-01
3724 2.57470200e-01
3725 2.48156500e-01
3726 2.59803100e-01
3727 2.58596700e-01
3728 2.60943500e-01
3729 2.57055600e-01
3730 2.61148600e-01
3731 2.58947500e-01
3732 2.58941400e-01
3733 2.63663000e-01
3734 2.57957400e-01
3735 2.57132000e-01
3736 2.58769100e-01
3737 2.62052400e-01
3738 2.60399700e-01
3739 2.57760100e-01
3740 2.56778700e-01
3741 2.59855600e-01
3742 2.58624000e-01
3743 2.58710300e-01
3744 2.55957600e-01
3745 2.62373200e-01
3746 2.58451300e-01
3747 2.59255700e-01
3748 2.58776200e-01
3749 2.60419000e-01
3750 2.58815500e-01
3751 2.58798800e-01
3752 2.58295300e-01
3753 2.57905700e-01
3754 2.59492400e-01
3755 2.59406600e-01
3756 2.57033900e-01
3757 2.57988600e-01
3758 2.56117700e-01
3759 2.57783900e-01
3760 2.58025900e-01
3761 2.54329100e-01
3762 2.61742700e-01
3763 2.61246700e-01
3764 2.54990700e-01
3765 2.60106200e-01
3766 2.60775400e-01
3767 2.58348100e-01
3768 2.67606800e-01
3769 2.69925700e-01
3770 2.57800100e-01
3771 2.52460100e-01
3772 2.61407600e-01
3773 2.49711400e-01
3774 2.54924700e-01
3775 2.56791900e-01
3776 2.67958500e-01
3777 2.31246600e-01
3778 2.32567500e-01
3779 2.32162200e-01
3780 2.44514500e-01
3781 2.33549400e-01
3782 2.45302500e-01
3783 2.41739700e-01
3784 2.28423500e-01
3785 2.47592300e-01
3786 2.79707800e-01
3787 2.73785000e-01
3788 2.49528900e-01
3789 2.37283800e-01
3790 2.41691400e-01
3791 2.44611100e-01
3792 2.40373400e-01
3793 2.39042600e-01
3794 2.42851800e-01
3795 2.52572300e-01
3796 2.49183900e-01
3797 2.33001000e-01
3798 2.39782300e-01
3799 2.35507900e-01
3800 2.34995500e-01
3801 2.49093500e-01
3802 2.52845800e-01
3803 2.42102300e-01
3804 2.40437100e-01
3805 2.43004200e-01
3806 2.12838700e-01
3807 2.43471900e-01
3808 2.30857000e-01
3809 2.30920900e-01
3810 2.44004200e-01
3811 2.25623000e-01
3812 2.35249500e-01
3813 2.33535200e-01
3814 2.39333700e-01
3815 2.36552100e-01
3816 2.36503800e-01
3817 2.38943700e-01
3818 2.70585300e-01
3819 2.61420500e-01
3820 2.39244200e-01
3821 2.47778700e-01
3822 2.48081300e-01
3823 2.56831000e-01
3824 2.46408700e-01
3825 2.51259900e-01
3826 2.48300400e-01
3827 2.41276100e-01
3828 2.51184000e-01
3829 2.38448700e-01
3830 2.40619800e-01
3831 2.30490600e-01
3832 2.47197000e-01
3833 2.49675100e-01
3834 2.32135600e-01
3835 2.59569600e-01
3836 2.43105800e-01
3837 2.53670500e-01
3838 2.60022000e-01
3839 2.23919000e-01
3840 2.46536300e-01
3841 2.24530200e-01
3842 2.43806800e-01
3843 2.29427000e-01
3844 2.32078800e-01
3845 2.40972000e-01
3846 2.33630100e-01
3847 2.46704200e-01
3848 2.50952700e-01
3849 2.27341100e-01
3850 2.56601500e-01
3851 2.50762000e-01
3852 2.25064400e-01
3853 2.37242100e-01
3854 2.29213200e-01
3855 2.25940700e-01
3856 2.31382700e-01
3857 2.28877500e-01
3858 2.32661700e-01
3859 2.41566900e-01
3860 2.31792600e-01
3861 2.31105200e-01
3862 2.45328900e-01
3863 2.36849600e-01
3864 2.44233700e-01
3865 2.49796900e-01
3866 2.42852000e-01
3867 2.37101800e-01
3868 2.41087000e-01
3869 2.44541400e-01
3870 2.34897200e-01
3871 2.32577100e-01
3872 2.44612400e-01
3873 2.39770400e-01
3874 2.35991000e-01
3875 2.21676200e-01
3876 2.40249500e-01
3877 2.32240600e-01
3878 2.36633900e-01
3879 2.42171300e-01
3880 2.46671700e-01
3881 2.29253100e-01
3882 2.30728800e-01
3883 2.24393600e-01
3884 2.28827800e-01
3885 2.52801900e-01
3886 2.52334700e-01
3887 2.56757600e-01
3888 2.57945100e-01
3889 2.59154300e-01
3890 2.61174600e-01
3891 2.60922200e-01
3892 2.41250400e-01
3893 2.43614600e-01
3894 2.48145700e-01
3895 2.46805000e-01
3896 2.35493500e-01
3897 2.39501400e-01
3898 2.38208100e-01
3899 2.35892000e-01
3900 2.37947000e-01
3901 2.37621600e-01
3902 2.38507500e-01
3903 2.37791900e-01
3904 2.48639700e-01
3905 2.55172900e-01
3906 2.37871100e-01
3907 2.37777200e-01
3908 2.40099200e-01
3909 2.31195000e-01
3910 2.37256600e-01
3911 2.36726400e-01
3912 2.37502000e-01
3913 2.39025500e-01
3914 2.35139100e-01
3915 2.37245900e-01
3916 2.44362800e-01
3917 2.30526400e-01
3918 2.37937800e-01
3919 2.35960800e-01
3920 2.35713000e-01
3921 2.40948700e-01
3922 2.38409900e-01
3923 2.38898800e-01
3924 2.34949300e-01
3925 2.37351800e-01
3926 2.35456600e-01
3927 2.41702300e-01
3928 2.51440300e-01
3929 2.51280000e-01
3930 2.52218400e-01
3931 2.56186700e-01
3932 2.55550000e-01
3933 2.29779500e-01
3934 2.38501600e-01
3935 2.36501600e-01
3936 2.40417300e-01
3937 2.37208500e-01
3938 2.41260200e-01
3939 2.37430900e-01
3940 2.51625800e-01
3941 2.39561600e-01
3942 2.48821200e-01
3943 2.48167300e-01
3944 2.37199600e-01
3945 2.27518700e-01
3946 2.38895700e-01
3947 2.37173700e-01
3948 2.36564800e-01
3949 2.30492000e-01
3950 2.36932300e-01
3951 2.46056400e-01
3952 2.53073200e-01
3953 2.47252500e-01
3954 2.27618500e-01
3955 2.38655100e-01
3956 2.38803200e-01
3957 2.39016600e-01
3958 2.40497000e-01
3959 2.35380200e-01
3960 2.37588700e-01
3961 2.37372800e-01
3962 2.36697500e-01
3963 2.47474500e-01
3964 2.43385300e-01
3965 2.31885400e-01
3966 2.13211900e-01
3967 2.38417400e-01
3968 2.34683800e-01
3969 2.32530000e-01
3970 2.35856800e-01
3971 2.36604600e-01
3972 2.32993900e-01
3973 2.30981300e-01
3974 2.35143000e-01
3975 2.30207400e-01
3976 2.39687600e-01
3977 2.38891000e-01
3978 2.41312900e-01
3979 2.39747000e-01
3980 2.31398000e-01
3981 2.53385500e-01
3982 2.26761100e-01
3983 2.32072000e-01
3984 2.40849100e-01
3985 2.40435900e-01
3986 2.39324200e-01
3987 2.30779700e-01
3988 2.34424400e-01
3989 2.43053700e-01
3990 2.53063200e-01
3991 2.53041200e-01
3992 2.44677000e-01
3993 2.37880300e-01
3994 2.38578500e-01
3995 2.33777500e-01
3996 2.28780800e-01
3997 2.38090700e-01
3998 2.31119800e-01
3999 2.36557700e-01
4000 2.27821400e-01
4001 2.43356500e-01
4002 2.45828400e-01
4003 2.38158500e-01
4004 2.35135300e-01
4005 2.33679200e-01
4006 2.38131800e-01
4007 2.20071100e-01
4008 2.26102000e-01
4009 2.16032400e-01
4010 2.20146500e-01
4011 2.10608000e-01
4012 2.08343100e-01
4013 2.18112000e-01
4014 2.44320300e-01
4015 2.24946800e-01
4016 2.27592600e-01
4017 2.21607000e-01
4018 2.27055200e-01
4019 2.29186200e-01
4020 2.21066000e-01
4021 2.05340000e-01
4022 2.28905200e-01
4023 2.04505700e-01
4024 2.23609900e-01
4025 2.08238700e-01
4026 1.98647300e-01
4027 2.05697200e-01
4028 2.29053400e-01
4029 2.34598700e-01
4030 1.93415900e-01
4031 2.45662900e-01
4032 2.52281100e-01
4033 2.22821000e-01
4034 2.51332700e-01
4035 2.27386200e-01
4036 2.49502400e-01
4037 2.58340800e-01
4038 2.36528100e-01
4039 2.52127900e-01
4040 2.33320000e-01
4041 2.48685200e-01
4042 2.42974400e-01
4043 2.44036600e-01
4044 2.35105100e-01
4045 2.47560500e-01
4046 2.34081400e-01
4047 2.41950800e-01
4048 2.53767600e-01
4049 2.46813700e-01
4050 2.49978800e-01
4051 2.38438900e-01
4052 2.52858500e-01
4053 2.56871000e-01
4054 2.54677000e-01
4055 2.59009800e-01
4056 2.55474300e-01
4057 2.47771700e-01
4058 2.57496700e-01
4059 2.57529200e-01
4060 2.58284300e-01
4061 2.58237000e-01
4062 2.59677800e-01
4063 2.58462700e-01
4064 2.59941100e-01
4065 2.56852800e-01
4066 2.60539600e-01
4067 2.60531500e-01
4068 2.57121300e-01
4069 2.69014700e-01
4070 2.41878200e-01
4071 2.46446300e-01
4072 2.62680400e-01
4073 2.59308900e-01
4074 2.58604000e-01
4075 2.59577500e-01
4076 2.59272500e-01
4077 2.57816300e-01
4078 2.57724800e-01
4079 2.58323400e-01
4080 2.61026500e-01
4081 2.56420200e-01
4082 2.62168400e-01
4083 2.59946100e-01
4084 2.58060900e-01
4085 2.57665800e-01
4086 2.57475100e-01
4087 2.59254800e-01
4088 2.61638300e-01
4089 2.59124500e-01
4090 2.55363100e-01
4091 2.40379700e-01
4092 2.41968300e-01
4093 2.22445800e-01
4094 2.35959500e-01
4095 2.39900000e-01
4096 2.41429700e-01
4097 2.42122100e-01
4098 2.33680500e-01
4099 2.41721900e-01
4100 2.29962400e-01
4101 2.33692900e-01
4102 2.33109400e-01
4103 2.20686200e-01
4104 2.41792500e-01
4105 2.24948100e-01
4106 2.30364900e-01
4107 2.40219200e-01
4108 2.24504200e-01
4109 2.27137800e-01
4110 2.43892900e-01
4111 2.31046500e-01
4112 2.14576400e-01
4113 2.33091300e-01
4114 2.47292700e-01
4115 2.24873100e-01
4116 2.35029500e-01
4117 2.35350100e-01
4118 2.33842000e-01
4119 2.10728900e-01
4120 2.21299400e-01
4121 2.23955200e-01
4122 2.30015600e-01
4123 2.43822000e-01
4124 2.39480800e-01
4125 2.27657100e-01
4126 2.26108200e-01
4127 2.34749400e-01
4128 2.20698500e-01
4129 2.33901100e-01
4130 2.41242100e-01
4131 2.32751800e-01
4132 2.35133800e-01
4133 2.26428700e-01
4134 2.36366400e-01
4135 2.32478200e-01
4136 2.42996800e-01
4137 2.22744500e-01
4138 2.55755700e-01
4139 2.57611600e-01
4140 2.56272900e-01
4141 2.56713600e-01
4142 2.57448000e-01
4143 2.43037000e-01
4144 2.56960900e-01
4145 2.57045500e-01
4146 2.59140800e-01
4147 2.56129600e-01
4148 2.54080500e-01
4149 2.57363400e-01
4150 2.51192700e-01
4151 2.58829900e-01
4152 2.56663300e-01
4153 2.52266400e-01
4154 2.57249900e-01
4155 2.59268300e-01
4156 2.47173600e-01
4157 2.48595900e-01
4158 2.59365100e-01
4159 2.53933700e-01
4160 2.56493600e-01
4161 2.58307400e-01
4162 2.61766800e-01
4163 2.53288700e-01
4164 2.58645900e-01
4165 2.56913400e-01
4166 2.61373500e-01
4167 2.57699500e-01
4168 2.53103400e-01
4169 2.58402600e-01
4170 2.60546500e-01
4171 2.59463600e-01
4172 2.45962400e-01
4173 2.58720800e-01
4174 2.60504500e-01
4175 2.54784900e-01
4176 2.47240200e-01
4177 2.57375800e-01
4178 2.58770300e-01
4179 2.52963900e-01
4180 2.58095300e-01
4181 2.56476400e-01
4182 2.61032000e-01
4183 2.57937400e-01
4184 2.60413000e-01
4185 2.58053100e-01
4186 2.55921400e-01
4187 2.41609100e-01
4188 2.54934900e-01
4189 2.55919200e-01
4190 2.58762600e-01
4191 2.49364000e-01
4192 2.50820600e-01
4193 2.50117100e-01
4194 2.51801700e-01
4195 2.59435700e-01
4196 2.42258500e-01
4197 2.51590600e-01
4198 2.46044600e-01
4199 2.58282600e-01
4200 2.44028600e-01
4201 2.52582400e-01
4202 2.47676600e-01
4203 2.61202500e-01
4204 2.46742400e-01
4205 2.50076400e-01
4206 2.61506500e-01
4207 2.57919900e-01
4208 2.58005800e-01
4209 2.58478800e-01
4210 2.51612300e-01
4211 2.39762300e-01
4212 2.57541500e-01
4213 2.55562900e-01
4214 2.53237600e-01
4215 2.52369700e-01
4216 2.49553200e-01
4217 2.42735300e-01
4218 2.45734000e-01
4219 2.55733000e-01
4220 2.48634100e-01
4221 2.42668600e-01
4222 2.59499100e-01
4223 2.56192600e-01
4224 2.54572600e-01
4225 2.55141800e-01
4226 2.49283600e-01
4227 2.41859000e-01
4228 2.51507800e-01
4229 2.48641500e-01
4230 2.38988100e-01
4231 2.43385000e-01
4232 2.34382900e-01
4233 2.45693300e-01
4234 2.53516000e-01
4235 2.42799300e-01
4236 2.45153500e-01
4237 2.44186700e-01
4238 2.38672300e-01
4239 2.41148900e-01
4240 2.53244600e-01
4241 2.45372100e-01
4242 2.44019100e-01
4243 2.55381100e-01
4244 2.54031700e-01
4245 2.51117600e-01
4246 2.46092800e-01
4247 2.44142500e-01
4248 2.49811800e-01
4249 2.46220100e-01
4250 2.51255400e-01
4251 2.39191100e-01
4252 2.50497800e-01
4253 2.47345100e-01
4254 2.30921600e-01
4255 2.41884200e-01
4256 2.49170000e-01
4257 2.56084300e-01
4258 2.56653400e-01
4259 2.57174900e-01
4260 2.47851600e-01
4261 2.55803000e-01
4262 2.52122700e-01
4263 2.42974600e-01
4264 2.39301800e-01
4265 2.26748100e-01
4266 2.32895000e-01
4267 2.40889700e-01
4268 2.41391800e-01
4269 2.47907300e-01
4270 2.57021900e-01
4271 2.56442900e-01
4272 2.53419100e-01
4273 2.56170800e-01
4274 2.58929200e-01
4275 2.52039700e-01
4276 2.54378900e-01
4277 2.59379600e-01
4278 2.57447200e-01
4279 2.57750000e-01
4280 2.56440100e-01
4281 2.52025300e-01
4282 2.58650800e-01
4283 2.46976500e-01
4284 2.48433000e-01
4285 2.59141200e-01
4286 2.53674200e-01
4287 2.55183400e-01
4288 2.42186400e-01
4289 2.55180700e-01
4290 2.60875300e-01
4291 2.55657800e-01
4292 2.52145500e-01
4293 2.57567000e-01
4294 2.60680700e-01
4295 2.56127400e-01
4296 2.59349200e-01
4297 2.55945100e-01
4298 2.58887800e-01
4299 2.50287600e-01
4300 2.58910300e-01
4301 2.52549700e-01
4302 2.44934000e-01
4303 2.56864700e-01
4304 2.56853100e-01
4305 2.59791900e-01
4306 2.52707700e-01
4307 2.54328900e-01
4308 2.61836300e-01
4309 2.59893100e-01
4310 2.53970800e-01
4311 2.56486900e-01
4312 2.56798000e-01
4313 2.58019200e-01
4314 2.63131600e-01
4315 2.60001900e-01
4316 2.58264400e-01
4317 2.59412200e-01
4318 2.60792300e-01
4319 2.51685000e-01
4320 2.59629600e-01
4321 2.59293700e-01
4322 2.59749200e-01
4323 2.55902800e-01
4324 2.49880500e-01
4325 2.57912900e-01
4326 2.54422000e-01
4327 2.54776100e-01
4328 2.52178200e-01
4329 2.55874800e-01
4330 2.56701600e-01
4331 2.54564300e-01
4332 2.56354700e-01
4333 2.44073500e-01
4334 2.52250100e-01
4335 2.21897300e-01
4336 2.40747000e-01
4337 2.30910500e-01
4338 2.32151100e-01
4339 2.37541800e-01
4340 2.46021000e-01
4341 2.28860900e-01
4342 2.38258400e-01
4343 2.30341400e-01
4344 2.20584900e-01
4345 2.37419400e-01
4346 2.43440100e-01
4347 2.43708200e-01
4348 2.37271500e-01
4349 2.21148000e-01
4350 2.39402600e-01
4351 2.49843800e-01
4352 2.45071600e-01
4353 2.27982200e-01
4354 2.27841800e-01
4355 2.25430800e-01
4356 2.27898100e-01
4357 2.43456500e-01
4358 2.37465900e-01
4359 2.45679800e-01
4360 2.41218800e-01
4361 2.25951800e-01
4362 2.29634000e-01
4363 2.32196300e-01
4364 2.37767200e-01
4365 2.31284700e-01
4366 2.23444100e-01
4367 2.29391400e-01
4368 2.38056800e-01
4369 2.32280000e-01
4370 2.18266100e-01
4371 2.39694600e-01
4372 2.28404300e-01
4373 2.25966900e-01
4374 2.50418200e-01
4375 2.34046900e-01
4376 2.23121300e-01
4377 2.38005300e-01
4378 2.40914400e-01
4379 2.38588500e-01
4380 2.31396300e-01
4381 2.46078800e-01
4382 2.58120800e-01
4383 2.59375300e-01
4384 2.61158200e-01
4385 2.59918500e-01
4386 2.57159500e-01
4387 2.59632300e-01
4388 2.58097700e-01
4389 2.58445300e-01
4390 2.58826500e-01
4391 2.59266500e-01
4392 2.56370000e-01
4393 2.54177700e-01
4394 2.55381500e-01
4395 2.60733200e-01
4396 2.56160800e-01
4397 2.60213300e-01
4398 2.60889900e-01
4399 2.49989400e-01
4400 2.59487100e-01
4401 2.58689400e-01
4402 2.57946100e-01
4403 2.55650300e-01
4404 2.54782700e-01
4405 2.55538500e-01
4406 2.60317100e-01
4407 2.59066300e-01
4408 2.59550800e-01
4409 2.54072100e-01
4410 2.56188600e-01
4411 2.48231800e-01
4412 2.58689000e-01
4413 2.57173100e-01
4414 2.58558700e-01
4415 2.61017500e-01
4416 2.59960200e-01
4417 2.60318100e-01
4418 2.59054300e-01
4419 2.47116600e-01
4420 2.52100000e-01
4421 2.47275400e-01
4422 2.61096200e-01
4423 2.59409500e-01
4424 2.42056000e-01
4425 2.42979200e-01
4426 2.55931800e-01
4427 2.43360400e-01
4428 2.49926700e-01
4429 2.65116900e-01
4430 2.65238800e-01
4431 2.54507600e-01
4432 2.56420400e-01
4433 2.45824800e-01
4434 2.20805900e-01
4435 1.92943700e-01
4436 2.17693100e-01
4437 2.14390600e-01
4438 2.26664200e-01
4439 2.02732500e-01
4440 2.51980400e-01
4441 2.53080000e-01
4442 2.54469200e-01
4443 2.37034600e-01
4444 2.48254700e-01
4445 2.49910400e-01
4446 2.45789700e-01
4447 2.47717200e-01
4448 2.38998600e-01
4449 2.48574800e-01
4450 2.31960600e-01
4451 2.58094500e-01
4452 2.51450000e-01
4453 2.57452400e-01
4454 2.45631300e-01
4455 2.41148600e-01
4456 2.08976300e-01
4457 2.28196000e-01
4458 1.99625000e-01
4459 2.30013300e-01
4460 2.15501500e-01
4461 2.35806400e-01
4462 2.17878900e-01
4463 2.31124400e-01
4464 2.43694300e-01
4465 2.35994100e-01
4466 2.43603900e-01
4467 2.34694900e-01
4468 2.49757000e-01
4469 2.38032600e-01
4470 2.46283500e-01
4471 2.37178900e-01
4472 2.28061800e-01
4473 2.23094000e-01
4474 2.35612300e-01
4475 2.39228800e-01
4476 2.35133000e-01
4477 2.34742000e-01
4478 2.36994800e-01
4479 2.35583400e-01
4480 2.46592400e-01
4481 2.43946600e-01
4482 2.29627700e-01
4483 2.71793800e-01
4484 2.36103200e-01
4485 2.39560300e-01
4486 2.24123300e-01
4487 2.36744900e-01
4488 2.34970500e-01
4489 2.30959900e-01
4490 2.45042400e-01
4491 2.54313500e-01
4492 2.36064000e-01
4493 2.54555900e-01
4494 2.42499300e-01
4495 2.47937600e-01
4496 2.59357900e-01
4497 2.69685500e-01
4498 2.65138300e-01
4499 2.48992000e-01
4500 2.48499800e-01
4501 2.59140400e-01
4502 2.50791700e-01
4503 2.55808600e-01
4504 2.69042200e-01
4505 2.61959400e-01
4506 2.55136200e-01
4507 2.63893700e-01
4508 2.60028200e-01
4509 2.57692800e-01
4510 2.60496400e-01
4511 2.69659400e-01
4512 2.52378200e-01
4513 2.61086400e-01
4514 2.60905400e-01
4515 2.49518200e-01
4516 2.47162100e-01
4517 2.48981300e-01
4518 2.58121400e-01
4519 2.51278800e-01
4520 2.46828500e-01
4521 2.53494000e-01
4522 2.50584700e-01
4523 2.48519000e-01
4524 2.55049700e-01
4525 2.50511100e-01
4526 2.49968900e-01
4527 2.56674100e-01
4528 2.50768700e-01
4529 2.47581200e-01
4530 2.57741900e-01
4531 2.43522000e-01
4532 2.55945200e-01
4533 2.53822000e-01
4534 2.56695800e-01
4535 2.53271300e-01
4536 2.54254400e-01
4537 2.48187900e-01
4538 2.54144400e-01
4539 2.57435000e-01
4540 2.53226600e-01
4541 2.56803900e-01
4542 2.60028400e-01
4543 2.52675600e-01
4544 2.59686600e-01
4545 2.62356200e-01
4546 2.57107100e-01
4547 2.59822900e-01
4548 2.60870300e-01
4549 2.61026800e-01
4550 2.58549000e-01
4551 2.59043000e-01
4552 2.60411000e-01
4553 2.57267100e-01
4554 2.57891800e-01
4555 2.58018900e-01
4556 2.58265600e-01
4557 2.53623500e-01
4558 2.58304000e-01
4559 2.59167100e-01
4560 2.58977200e-01
4561 2.56960000e-01
4562 2.59200700e-01
4563 2.58965600e-01
4564 2.59431200e-01
4565 2.57867200e-01
4566 2.60481400e-01
4567 2.58910100e-01
4568 2.62035800e-01
4569 2.57507100e-01
4570 2.61278200e-01
4571 2.62513800e-01
4572 2.58872500e-01
4573 2.60198100e-01
4574 2.57642100e-01
4575 2.59635800e-01
4576 2.61492500e-01
4577 2.55833600e-01
4578 2.58346400e-01
4579 2.58093900e-01
4580 2.35823800e-01
4581 2.36955900e-01
4582 2.20878500e-01
4583 2.16823800e-01
4584 2.28761700e-01
4585 2.30927300e-01
4586 2.16373700e-01
4587 2.29904900e-01
4588 2.35874100e-01
4589 2.36643200e-01
4590 2.25859900e-01
4591 2.18879200e-01
4592 2.37137200e-01
4593 2.31791100e-01
4594 2.29955000e-01
4595 2.29916000e-01
4596 2.37019700e-01
4597 2.20249200e-01
4598 2.26932500e-01
4599 2.14792700e-01
4600 2.34155900e-01
4601 2.11754300e-01
4602 2.31196500e-01
4603 2.28542000e-01
4604 2.24991600e-01
4605 2.37087100e-01
4606 2.28800700e-01
4607 2.22168800e-01
4608 2.43463900e-01
4609 2.42215100e-01
4610 2.50335600e-01
4611 2.39729600e-01
4612 2.21479700e-01
4613 2.27310900e-01
4614 2.43002600e-01
4615 2.35663500e-01
4616 2.46808300e-01
4617 1.99525800e-01
4618 2.36115700e-01
4619 2.10831900e-01
4620 2.07833600e-01
4621 2.23290900e-01
4622 2.19275600e-01
4623 2.29721500e-01
4624 2.03492800e-01
4625 1.96290800e-01
4626 2.07853600e-01
4627 1.99600500e-01
4628 2.15117800e-01
4629 2.26941400e-01
4630 2.23655300e-01
4631 2.29479200e-01
4632 2.27704000e-01
4633 2.32116300e-01
4634 2.19359600e-01
4635 2.13015500e-01
4636 2.21799100e-01
4637 2.28258300e-01
4638 2.23244200e-01
4639 2.12615200e-01
4640 2.30144900e-01
4641 2.12109800e-01
4642 2.26059500e-01
4643 2.24640500e-01
4644 2.25508000e-01
4645 2.32303200e-01
4646 2.13123400e-01
4647 2.14240400e-01
4648 2.21219000e-01
4649 2.18485200e-01
4650 2.13924900e-01
4651 2.30269100e-01
4652 2.25009200e-01
4653 2.40919100e-01
4654 2.52389100e-01
4655 2.35008200e-01
4656 2.19064800e-01
4657 2.42773700e-01
4658 1.99113500e-01
4659 2.20025000e-01
4660 2.18798900e-01
4661 2.58756800e-01
4662 2.49011700e-01
4663 2.08333400e-01
4664 2.40134200e-01
4665 2.25258900e-01
4666 2.18351700e-01
4667 2.16816300e-01
4668 2.28116600e-01
4669 2.31352400e-01
4670 2.23837800e-01
4671 2.20035300e-01
4672 2.20275900e-01
4673 2.37464800e-01
4674 2.22130600e-01
4675 2.09412800e-01
4676 2.20248600e-01
4677 2.29616200e-01
4678 2.34435600e-01
4679 2.22014400e-01
4680 2.31324200e-01
4681 2.25190600e-01
4682 2.38195300e-01
4683 2.29664000e-01
4684 2.37639500e-01
4685 2.36053500e-01
4686 2.47584300e-01
4687 2.37662100e-01
4688 2.25668100e-01
4689 2.40237300e-01
4690 2.29931800e-01
4691 2.29503600e-01
4692 2.37466100e-01
4693 2.33659100e-01
4694 2.35001700e-01
4695 2.40131800e-01
4696 2.39611800e-01
4697 2.18809400e-01
4698 2.08736900e-01
4699 2.56484700e-01
4700 2.26202600e-01
4701 2.57886100e-01
4702 2.52574100e-01
4703 2.43423600e-01
4704 2.51447600e-01
4705 2.55671600e-01
4706 2.55441200e-01
4707 2.47744100e-01
4708 2.57738700e-01
4709 2.57612300e-01
4710 2.46293500e-01
4711 2.48265300e-01
4712 2.41164000e-01
4713 2.69365400e-01
4714 2.61772600e-01
4715 2.31839900e-01
4716 2.60524800e-01
4717 2.45955100e-01
4718 2.52322800e-01
4719 2.64407300e-01
4720 2.69284900e-01
4721 2.48645700e-01
4722 2.51420900e-01
4723 2.50015200e-01
4724 2.55689400e-01
4725 2.42464200e-01
4726 2.40563100e-01
4727 2.38489100e-01
4728 2.33588500e-01
4729 2.30095700e-01
4730 2.35197800e-01
4731 2.39885100e-01
4732 2.37900800e-01
4733 2.40417400e-01
4734 2.52638000e-01
4735 2.53149800e-01
4736 2.40717100e-01
4737 2.37008500e-01
4738 2.28849600e-01
4739 2.38086300e-01
4740 2.36042300e-01
4741 2.36499400e-01
4742 2.38029800e-01
4743 2.42838900e-01
4744 2.27937500e-01
4745 2.35175300e-01
4746 2.33320800e-01
4747 2.36877400e-01
4748 2.42644200e-01
4749 2.40648300e-01
4750 2.40102200e-01
4751 2.36132100e-01
4752 2.36867600e-01
4753 2.28309600e-01
4754 2.56958200e-01
4755 2.33259200e-01
4756 2.62024000e-01
4757 2.53287100e-01
4758 2.57021100e-01
4759 2.58515700e-01
4760 2.58717600e-01
4761 2.46486000e-01
4762 2.59355300e-01
4763 2.41538300e-01
4764 2.45486800e-01
4765 2.30999000e-01
4766 2.30695100e-01
4767 2.36421300e-01
4768 2.34150400e-01
4769 2.24417300e-01
4770 2.33991600e-01
4771 2.38185300e-01
4772 2.30775700e-01
4773 2.42505600e-01
4774 2.32205400e-01
4775 2.51708400e-01
4776 2.55217700e-01
4777 2.40462100e-01
4778 2.34314900e-01
4779 2.37516500e-01
4780 2.38796000e-01
4781 2.40235900e-01
4782 2.37476600e-01
4783 2.37186900e-01
4784 2.39583000e-01
4785 2.41574600e-01
4786 2.43770200e-01
4787 2.42024300e-01
4788 2.38910400e-01
4789 2.36956000e-01
4790 2.37495700e-01
4791 2.37854300e-01
4792 2.37652400e-01
4793 2.26572300e-01
4794 2.32540600e-01
4795 2.37337100e-01
4796 2.37709500e-01
4797 2.36561900e-01
4798 2.39212700e-01
4799 2.34867200e-01
4800 2.36937400e-01
4801 2.28212300e-01
4802 2.41839600e-01
4803 2.39228400e-01
4804 2.39530100e-01
4805 2.39930700e-01
4806 2.43759200e-01
4807 2.40271300e-01
4808 2.37408400e-01
4809 2.38219900e-01
4810 2.42144300e-01
4811 2.47629200e-01
4812 2.50067800e-01
4813 2.48371100e-01
4814 2.37304700e-01
4815 2.36521800e-01
4816 2.38686700e-01
4817 2.38053200e-01
4818 2.43097700e-01
4819 2.38495700e-01
4820 2.35932700e-01
4821 2.37057500e-01
4822 2.35795400e-01
4823 2.43717300e-01
4824 2.56927500e-01
4825 2.46114700e-01
4826 2.56447700e-01
4827 2.62227300e-01
4828 2.60180400e-01
4829 2.59446900e-01
4830 2.61276400e-01
4831 2.52229100e-01
4832 2.59353500e-01
4833 2.47841800e-01
4834 2.55151600e-01
4835 2.57541600e-01
4836 2.56022200e-01
4837 2.60410200e-01
4838 2.54843000e-01
4839 2.58806900e-01
4840 2.11947200e-01
4841 2.38814400e-01
4842 2.24418600e-01
4843 1.95949500e-01
4844 2.26729500e-01
4845 1.90493100e-01
4846 2.10898200e-01
4847 2.17556800e-01
4848 2.11196400e-01
4849 2.07410300e-01
4850 1.96214400e-01
4851 2.20212500e-01
4852 2.04256600e-01
4853 2.04447400e-01
4854 2.02602500e-01
4855 2.08788200e-01
4856 2.16009300e-01
4857 2.21708800e-01
4858 1.93805300e-01
4859 2.04426900e-01
4860 2.16080700e-01
4861 2.11460000e-01
4862 2.05666400e-01
4863 2.07840500e-01
4864 2.06604900e-01
4865 2.15936900e-01
4866 1.96224000e-01
4867 2.04185400e-01
4868 2.05648800e-01
4869 2.28289400e-01
4870 2.44065900e-01
4871 2.10429900e-01
4872 2.09874300e-01
4873 2.10220700e-01
4874 2.18558300e-01
4875 2.15557500e-01
4876 2.13870100e-01
4877 2.17120100e-01
4878 2.25668200e-01
4879 2.14973200e-01
4880 2.10763200e-01
4881 2.15897500e-01
4882 2.25184100e-01
4883 2.22089300e-01
4884 2.03959400e-01
4885 2.05250900e-01
4886 2.05752800e-01
4887 1.93714000e-01
4888 2.05615500e-01
4889 2.07151600e-01
4890 2.12804400e-01
4891 2.27419800e-01
4892 2.14461300e-01
4893 2.07472100e-01
4894 2.30714600e-01
4895 2.42902100e-01
4896 2.42731400e-01
4897 2.48874200e-01
4898 2.48496600e-01
4899 2.48377400e-01
4900 2.61252000e-01
4901 2.59153500e-01
4902 2.58084500e-01
4903 2.60764600e-01
4904 2.58665500e-01
4905 2.46412900e-01
4906 2.49778200e-01
4907 2.49404900e-01
4908 2.44580200e-01
4909 2.53020900e-01
4910 2.39552400e-01
4911 2.36999200e-01
4912 2.41648300e-01
4913 2.39865600e-01
4914 2.38294500e-01
4915 2.40848100e-01
4916 2.30020900e-01
4917 2.35567800e-01
4918 2.30205600e-01
4919 2.40961100e-01
4920 2.51060700e-01
4921 2.36195500e-01
4922 2.37919100e-01
4923 2.41263100e-01
4924 2.32306200e-01
4925 2.35382200e-01
4926 2.33005700e-01
4927 2.38302900e-01
4928 2.41956300e-01
4929 2.36838600e-01
4930 2.38382700e-01
4931 2.52363200e-01
4932 2.36596700e-01
4933 2.37107400e-01
4934 2.32050900e-01
4935 2.37520200e-01
4936 2.40393800e-01
4937 2.31957100e-01
4938 2.38452200e-01
4939 2.35882700e-01
4940 2.39966900e-01
4941 2.38082400e-01
4942 2.34631900e-01
4943 2.49077900e-01
4944 2.32615100e-01
4945 2.20929800e-01
4946 2.36832400e-01
4947 2.35370400e-01
4948 2.35218700e-01
4949 2.36706200e-01
4950 2.34691400e-01
4951 2.29212400e-01
4952 2.36717900e-01
4953 2.41409100e-01
4954 2.33834000e-01
4955 2.27960400e-01
4956 2.38762300e-01
4957 2.40952500e-01
4958 2.37392100e-01
4959 2.30413800e-01
4960 2.33708100e-01
4961 2.40842900e-01
4962 2.39940500e-01
4963 2.28351200e-01
4964 2.31100800e-01
4965 2.35764000e-01
4966 2.42381500e-01
4967 2.26476700e-01
4968 2.38708800e-01
4969 2.46451100e-01
4970 2.31845800e-01
4971 2.60097100e-01
4972 2.42171500e-01
4973 2.58540300e-01
4974 2.57830800e-01
4975 2.53406000e-01
4976 2.47602500e-01
4977 2.56786900e-01
4978 2.27400500e-01
4979 2.47815100e-01
4980 2.39095100e-01
4981 2.47424700e-01
4982 2.26536700e-01
4983 2.27888500e-01
4984 2.32227000e-01
4985 2.34262800e-01
4986 2.42398600e-01
4987 2.36118600e-01
4988 2.41396700e-01
4989 2.34527000e-01
4990 2.44000400e-01
4991 2.36589900e-01
4992 2.30231900e-01
4993 2.36912500e-01
4994 2.34401600e-01
4995 2.32327800e-01
4996 2.29276500e-01
4997 2.30109400e-01
4998 2.36557100e-01
4999 2.36726900e-01
5000 2.41183200e-01
